0 6 8 34 36 38 42 45 47 49 50 51 52 53 55 61 62 63 67 69 71 74 78 83 94
4 8 9 11 14 17 18 35 36 38 39 40 41 42 43 59 63 69 73 80 81 85 87 93 97
5 8 9 10 14 17 21 25 36 38 40 43 45 57 60 62 63 69 73 83 85 93
0 4 7 11 12 13 14 20 23 26 38 42 50 61 62 63 71 72 73 86 91 92 96
3 6 11 12 14 17 18 19 21 25 33 38 48 61 62 63 68 71 75 80 81 83 84 87 89
0 11 13 38 40 60 63 74 80
3 5 7 17 23 28 32 38 39 40 43 47 52 57 61 67 69 70 79 85 87 93
3 29 38 43 45 69 72 74 78 89 93 95 97
0 3 4 12 15 28 33 39 40 47 48 61 65 69 71 72 74 80 86 87 89 96 98
17 21 33 36 43 45 48 61 69 73 78 81 83 87
3 5 6 11 26 28 35 36 40 43 48 51 52 59 61 62 63 66 74 77 81 85 86
5 8 14 17 20 21 33 36 40 51 52 57 63 66 83 85 89 90
1 3 5 8 11 14 21 28 31 35 36 38 39 41 42 43 48 61 62 63 69 70 80 82 86 95
7 14 26 28 31 33 36 43 45 61 63 77 81 83 86 91 96
3 8 12 20 21 23 28 29 31 38 43 48 50 62 63 67 69 72 80 87 88 89 93 97
11 13 17 23 25 28 29 31 35 36 38 40 47 50 62 66 67 71 73 81 83 85 92
13 21 23 29 35 36 38 42 43 46 51 57 59 62 63 69 70 71 72 74 83 85 87 89 95 97
3 5 36 38 44 48 49 51 63 66 67 68 69 71 74 78 81 83 85 87 95
8 9 21 28 36 38 40 43 45 48 57 67 69 74 84 86 87
8 13 17 27 34 35 36 38 40 48 52 63 66 71 74 86 87 89 91 93
3 7 8 10 12 13 21 25 26 28 36 38 39 47 48 49 51 52 62 63 68 69 72 80 81 83 85 93
0 3 8 9 12 14 23 28 35 36 38 40 41 42 48 51 57 61 63 69 73 74 76 78 86 87 89 90 93 97
3 9 11 17 24 28 36 48 49 61 63 72 80 85 87 95
3 8 9 11 12 34 38 40 42 47 48 55 66 68 71 74 78 80 81 88 89 91 95
0 5 7 8 11 12 28 33 38 47 48 67 68 69 72 76 83 85 87 89
4 7 8 9 11 13 14 17 23 25 26 27 28 29 33 36 38 40 46 47 48 55 63 69 73 75 78 80 81 85 92 93 95 97 98
10 13 14 17 25 27 34 35 36 38 57 60 68 71 78 79 86 87 92
0 7 9 11 14 16 17 22 25 27 28 29 36 38 39 42 43 48 53 61 63 69 80 81 83 84 89 93
11 12 23 31 35 38 42 48 51 52 57 72 81 83 85 88 89 91 93 99
3 5 14 17 23 25 36 38 40 41 43 46 61 68 71 74 76 78 80 87 90 91 95
7 8 9 18 20 22 25 27 33 36 38 43 48 52 63 68 72 78 81 85 87 90 92 93 95
8 12 14 19 23 35 36 38 39 40 48 50 63 66 67 69 74 81 83 91 94
0 3 11 13 25 36 38 42 47 50 51 53 55 62 63 69 71 96 97
4 10 14 25 26 29 33 36 38 40 43 51 61 62 63 69 81 87 93
4 8 9 12 17 21 23 24 28 34 35 36 38 43 48 51 62 73 74 86 90 93 96 98
3 8 11 12 13 17 20 28 33 34 36 38 40 45 46 48 49 61 63 80 85 87
4 6 7 8 12 19 23 25 33 35 39 57 61 62 66 69 72 73 75 78 80 83 85 86 87 95
0 5 7 11 28 29 35 46 47 48 69 72 80 86 90 97
5 11 14 17 25 26 29 33 36 38 43 51 52 63 67 69 72 78 80 81 85 87
3 5 8 26 28 35 36 38 43 59 63 68 69 72 73 81 83 85 87 99
6 14 23 28 34 36 39 40 48 49 69 83 87 89 94 95
7 8 13 24 28 35 38 40 43 45 48 66 69 72 73 78 80 86 88 92 93
8 9 11 12 19 21 28 36 38 51 61 63 66 67 69 87 90
0 3 5 8 17 36 38 61 62 63 68 72 73 81 83 84 85 87 89 93 97
14 25 38 42 43 47 49 51 52 55 63 73 82 87 95
8 12 14 17 19 29 31 35 36 38 39 41 47 49 59 62 73 76 81 83 85 87 93 96
0 6 8 9 12 14 17 28 35 36 38 39 40 43 47 48 53 63 68 74 75 80 86 93 98
3 8 17 23 26 28 36 38 39 48 61 62 63 69 71 72 73 87 90 93 95 97
10 13 14 16 17 25 26 28 35 38 39 40 43 52 62 68 69 70 71 77 78 87 90 97
0 3 4 7 8 9 12 17 19 21 24 27 28 33 36 47 54 69 71 73 83 85 95
7 8 9 11 28 31 36 39 40 46 48 63 66 67 69 72 85 87
4 7 8 9 17 28 36 39 43 48 52 60 63 66 67 81 85 87
3 12 23 26 28 34 36 42 43 48 52 69 73 81 85 86 87 88 95
7 8 19 23 29 38 42 47 48 49 52 62 63 71 72 80 83 86 87 92
3 8 12 19 20 21 23 28 36 39 41 42 43 45 48 49 63 67 68 72 73 85 87 90 93 97
3 4 9 17 19 23 33 35 36 46 51 60 61 63 71 74 86 87 89 98
7 9 10 15 18 25 41 51 57 87
3 5 7 11 14 26 28 33 35 36 38 48 51 63 65 68 81 83 85 95
3 11 12 21 23 27 28 31 33 36 38 40 51 59 60 61 63 70 71 72 87 93
3 8 10 21 22 28 29 34 40 47 49 51 71 89 90
7 8 11 13 24 38 39 43 48 50 60 61 63 67 68 71 73 80 83 85 93 95
5 9 12 14 15 18 21 23 27 33 36 41 43 48 50 51 60 66 69 71 73 81 83 87 97
6 8 29 34 47 48 67 69 81 84 86 87
7 14 16 19 23 26 27 28 29 41 47 48 49 60 63 69 73 74 78 81 83 85 89 95
3 8 10 13 14 17 21 23 26 29 35 40 43 45 46 48 63 68 69 71 72 78 83 85 94 97
9 17 19 34 42 47 63 69 71 72 79 83 85 93
3 6 13 17 22 33 35 36 43 45 51 63 69 71 74 78 89 97
9 27 28 40 41 42 43 48 57 62 63 69 72 78 81 83 87 88 93
0 3 4 5 8 11 17 22 26 28 29 36 38 39 40 41 46 48 49 53 69 70 71 72 78 80 86 87
3 21 23 26 52 60 63 67 68 69 73 74 80 86 87 91 94
3 8 11 17 31 34 35 38 41 52 55 59 69 70 71 83 87
7 22 25 34 36 40 47 51 52 59 69 78 87 89 97
13 14 15 17 21 29 34 35 36 40 43 48 63 71 86 89
5 11 15 17 23 26 28 35 36 40 46 61 63 65 67 69 72 74 75 85 86 89
9 12 17 21 23 36 38 47 48 52 60 66 67 69 70 71 85 87 90 93
3 8 9 14 21 24 28 29 34 38 43 46 48 50 62 63 67 69 81 87 93 95
20 28 31 33 36 38 47 57 63 74 78 83
6 7 8 14 25 29 36 38 50 61 68 73 77 87 92 93
6 15 17 25 28 29 36 38 39 49 51 61 63 69 71 74 80 81 87 92 95
3 8 14 38 52 61 62 63 67 68 70 78 85 86 89
6 8 11 12 36 39 40 76 78 83 95
4 7 13 35 36 38 40 43 55 57 61 72 80 81 86 89 97
11 13 14 15 17 40 53 60 62 69 72 73 87
3 6 8 11 17 21 24 29 34 38 40 42 48 53 61 62 67 68 69 78 80 81 85 87 89
7 9 23 26 28 36 38 40 42 47 61 71 72 81 98
3 24 25 28 36 38 40 43 47 52 66 69 71 73 80 94
7 8 11 12 21 25 28 35 36 38 39 51 63 67 71 72 78 87 89 90 95 99
0 5 14 17 18 25 36 38 39 40 45 49 51 52 53 71 83 85 89 90 93 94
0 14 17 23 28 34 38 39 47 49 52 87 93 99
0 6 8 9 10 12 17 26 28 29 36 38 39 41 42 45 62 63 66 69 73 76 81 86 87 93 97
3 6 8 10 24 29 36 38 44 47 48 51 57 61 63 66 67 68 86 87
8 11 26 29 42 43 51 54 61 62 69 72 76 77 81 85 88 93
14 17 21 23 33 36 38 39 47 55 63 73 80 86 87
0 7 9 14 33 35 38 39 42 47 48 63 66 67 69 73 80 81 83 84 86 87 93 95
3 17 24 25 28 35 36 38 40 45 51 52 63 71 73 81 83 85 86 87 91 97
3 4 11 14 38 39 40 48 51 52 60 62 63 69 72
3 5 7 14 17 18 19 22 26 28 31 32 35 38 43 46 49 50 52 60 61 63 67 77 80 86 95
3 7 17 29 36 38 48 57 61 62 81 93 95 96 97
0 8 9 40 45 47 63 67 69 71 80 85 87 89 99
5 11 14 20 23 26 29 34 35 36 38 41 43 55 62 63 67 69 70 71 73 83 87 90 97 98
3 7 8 9 14 17 28 29 36 38 40 41 42 43 48 49 55 63 69 73 74 81 83 85 87 89 93 98
3 35 38 39 40 43 49 51 53 63 72 73 86 87 97
3 5 6 8 9 14 17 18 23 47 55 71 85 86 87 93 97
0 3 6 7 11 15 17 23 28 29 34 36 39 46 52 59 72 73 78 88
6 8 9 10 21 28 31 33 34 36 38 40 42 43 47 55 62 71 78 80 87 94
3 7 8 10 14 24 26 29 38 39 42 43 45 48 50 51 52 69 75 83 85 86 93 95 97
11 12 26 33 35 38 40 47 51 52 60 63 71 74 86 87 88 89 93 97
4 7 11 14 21 28 36 47 63 66 67 71 72 76 81 83 92 93
8 9 11 24 26 29 35 38 40 63 69 71 78 80 86 88 93 99
3 6 11 14 21 28 33 34 48 53 57 61 62 67 69 71 78 80 83 85 86
0 8 9 14 17 24 25 28 32 34 36 38 47 48 51 52 67 69 70 78 87 93 96
7 11 17 28 36 39 40 42 47 51 61 63 66 68 69 70 73 74 76 78 83 85 86 87 92
3 15 31 34 35 36 39 43 52 63 69 70 74 83 85 87 94 96
3 12 21 28 35 36 38 39 45 49 62 63 68 70 85 87
5 6 17 23 25 26 28 36 47 48 50 51 61 62 63 69 71 76 80 83 87 89 90
0 10 14 18 19 24 25 33 34 38 39 41 48 57 61 81 86 87 91
3 9 19 28 29 31 35 36 38 48 49 62 69 71 80 83 87
6 8 14 21 28 36 38 46 51 54 61 63 66 67 69 71 73 80 81 83 87 93
0 8 11 12 14 18 21 26 29 31 33 36 38 39 40 44 50 61 63 67 73 74 78 80 90 93 96 98 99
0 3 5 9 12 17 22 28 29 38 39 47 48 49 53 66 67 69 71 83 86 87 89
3 8 9 18 19 24 31 32 33 35 36 38 43 62 63 67 70 72 80 83 85 87
18 28 29 47 51 62 63 67 69 74 75 78 80 81 85 89
0 13 18 24 25 29 35 38 39 47 51 61 62 69 70 73 75 87 92
4 20 31 35 47 62 67 69 72 80 83 86 87 88 93
0 5 28 29 33 36 38 40 45 48 63 67 72 74 78 85 97
3 4 9 11 12 14 15 17 28 36 40 47 51 61 63 67 68 74 78
10 11 14 23 28 35 36 38 40 41 42 48 55 69 79 80 83 85 87 93
0 8 21 23 24 38 41 42 47 52 63 67 69 73 74 78 81 83 86 87 95 97
3 6 8 18 23 39 40 47 49 52 53 60 61 63 67 68 81 86 87 91 93
4 9 10 17 23 26 29 34 38 40 43 48 61 62 63 69 71 80 86 87 95
11 13 17 18 19 28 36 38 43 46 47 48 51 62 63 69 72 73 80 86 87 91 97
3 7 13 14 25 29 34 35 36 38 47 48 50 57 63 67 69 71 72 78 86 87 93 95
8 14 18 22 26 28 35 40 42 51 62 85
3 7 8 10 11 14 36 38 39 47 52 62 85 93 95
3 9 12 13 14 15 17 21 39 47 48 51 55 62 63 66 71 73 78 89 93
8 11 13 21 22 34 36 38 39 66 67 69 73 80 83 86 87 95
3 6 7 15 17 23 28 34 35 36 38 48 74 78 85 87 97
4 5 7 11 12 36 38 39 43 45 47 48 57 60 61 63 67 69 73 78 80 85 87 89 91 93
3 8 9 17 26 31 35 38 43 48 49 51 61 63 67 71 72 74 87 95
3 8 11 13 17 28 36 38 39 42 44 48 49 52 54 63 68 69 74 78 80 83 85 87 89 92 93 96
3 7 11 14 17 26 27 36 38 46 50 51 52 60 62 63 68 71 72 83 85 86
8 17 18 28 38 51 77 83 86
5 9 11 19 23 28 36 39 43 48 61 63 66 69 71 81 83 86
8 17 38 43 47 49 69 70 80 81 83 85 87
7 17 19 33 35 40 54 60 62 86 87
0 8 12 14 17 21 47 49 57 62 63 66 69 73 83 90 94
0 8 21 24 25 27 29 34 38 43 47 48 49 57 67 69 80 81 87 89 93 94
12 15 21 28 36 40 41 43 53 55 67 83 86 94
3 9 17 20 29 31 38 41 61 66 68 69 73 74 85 86 87
6 9 11 12 21 24 29 36 38 40 41 48 51 53 62 63 66 67 68 69 70 73 80 81 93
3 8 9 17 36 39 41 43 45 48 51 61 69 72 76 79 88 94
3 7 9 11 15 16 17 18 21 23 24 33 34 36 38 42 43 48 50 52 60 66 69 86 87 89
7 8 10 19 21 22 25 34 35 36 39 44 48 50 51 53 55 71 87 89 91 93
0 15 18 21 23 26 27 29 33 38 48 50 60 62 63 66 67 71 72 80 86 88
0 4 8 13 15 23 26 29 40 48 50 51 53 55 57 63 69 70 83 88 89 95 98
3 5 9 10 20 22 29 38 54 66 71 73 78 81 86 90 93 95
9 11 17 23 33 35 36 38 40 42 48 52 54 59 66 68 69 78 85 89
14 21 29 36 38 39 43 47 51 53 67 78 80 87 94 95
3 5 8 10 11 17 20 23 25 26 29 31 35 39 40 43 50 52 55 60 63 67 68 71 76 78 80 86 87
0 6 8 9 10 11 26 29 38 40 42 46 50 51 60 68 78 80 92
3 11 13 21 30 38 47 59 63 71 72 74 81 87
0 5 7 16 17 25 26 28 38 39 46 48 49 61 63 66 68 69 73 85 86 87 92
5 10 14 25 36 38 39 43 47 50 53 55 73 80 86 87 92 93 95 97
3 5 8 9 33 35 36 38 39 53 63 68 71 87
3 6 9 17 23 31 38 39 41 48 66 68 69 73 78 87
3 9 11 17 19 25 28 31 35 36 38 39 43 44 45 52 63 66 67 68 69 70 73 85 86 87 90 92
5 7 9 17 28 31 36 38 41 47 51 53 63 67 68 69 71 75 80 83 87 96 97
5 8 11 22 39 41 48 51 52 63 66 70 83 87
3 7 8 17 18 19 24 35 38 47 51 53 60 63 69 72 78 83 85 87
3 8 12 16 17 18 21 29 32 34 38 42 47 48 63 66 71 72 85 90
8 10 11 19 24 28 29 31 33 38 40 45 47 48 57 62 63 66 67 72 73 77 78 80 81 85 86 87 88 90
3 5 7 9 12 17 23 25 31 33 38 39 40 43 47 48 50 52 63 83 86 87 89 90
0 8 29 35 36 39 48 57 61 62 63 69 74 76 80 81 85 87 99
0 3 5 6 14 17 20 21 28 31 34 35 36 38 39 40 46 50 51 62 63 66 78 81 85 87 95 99
3 13 21 26 38 39 47 49 61 63 71 74 80 85 86 87 89 91 95
0 3 7 11 17 26 28 38 39 43 48 51 53 55 57 60 63 67 69 70 85 92
3 4 12 17 18 26 35 36 38 45 61 70 76 81 86 90
10 11 14 17 21 28 33 35 36 38 40 43 48 61 63 67 73 80 86 87
0 3 5 9 14 22 23 32 38 39 41 48 67 73 88 89 91
4 6 9 11 17 18 29 31 35 36 38 43 50 52 62 63 69 72 74 78 87
7 8 11 36 38 40 47 48 52 57 63 68 69 72 80 85 96
3 6 7 8 15 17 29 33 37 39 43 45 48 50 56 67 69 72 74 78 79 81 87 89 90 93 95
13 15 17 23 28 34 35 36 47 48 51 59 69 84 89
3 7 9 24 28 29 36 38 47 48 51 62 76 87
14 19 23 24 29 36 38 48 62 68 70 87 96
5 7 19 48 53 57 61 62 66 69 70 72 83 87 89 93 95
14 17 19 23 33 34 49 51 55 69 70 72 75 76 88
7 25 31 35 46 47 48 50 62 67 69 85 87 89
0 3 11 12 13 14 17 25 33 36 40 41 42 47 48 63 66 67 72 78 86 87 89
3 7 8 13 26 29 36 38 39 47 51 61 63 67 74 80 81 83 87 90 91 92 97
3 4 7 8 12 14 25 29 36 40 43 48 49 51 53 60 63 66 67 69 70 71 74 76 78 85 87
3 7 8 9 28 29 36 38 47 51 60 63 83 86 87 91 93 97
0 3 9 17 21 26 29 33 35 38 40 61 63 67 69 71 80 81 87 89 92
3 10 23 35 36 38 40 63 68 69 72 79 85 87 91 94
3 5 9 17 26 36 38 40 42 49 61 63 68 69 71 74 81 95
0 3 6 10 15 17 21 26 28 29 33 38 39 43 59 62 69 71 72 85 87
8 10 23 33 34 35 38 61 62 63 69 72 75 78 87 92 96 99
4 10 17 21 26 35 36 38 39 42 48 60 61 63 70 71 74 80 83 85 87 99
3 8 20 33 36 42 48 61 62 63 66 69 80 81 95
14 17 23 29 36 38 39 47 50 52 59 85
7 9 10 14 17 25 28 29 34 40 41 42 47 50 55 61 62 74 81 86 87 97
8 11 16 18 23 25 29 34 36 38 39 43 62 63 69 70 73 81 86 87
10 14 20 26 28 38 48 51 60 62 63 68 71 74 80 81 86 87 89 93 98
3 5 9 36 38 39 45 52 55 63 67 69 85 87
3 4 9 14 27 36 40 43 47 49 51 55 57 61 62 63 69 78 85 87 90 93
3 5 8 9 17 23 25 38 39 41 43 48 49 52 53 55 60 61 63 69 73 78 80 81 87 95
6 11 23 34 38 62 63 69 72 76 80 81
0 11 36 38 39 42 53 59 68 69 76 78 81 86 87
3 5 8 11 13 15 28 29 36 38 46 51 63 73 78 83 87 90 93
8 17 28 35 36 45 50 63 66 69 71 73 81 83 85 95
3 4 8 15 21 25 28 33 34 40 45 48 52 53 69 76 85 95 98
3 8 11 17 36 45 46 48 63 69 88 89 93 94 99
5 6 8 11 14 17 22 23 28 33 35 38 47 62 63 67 68 69 80 83 87 95
9 13 17 19 27 34 36 38 48 51 69 73 74 81 84 86 89 95 99
0 3 4 11 16 17 18 21 28 34 38 43 48 52 60 63 69 73 81 85 86 87 97
3 6 7 11 14 23 25 33 40 47 51 62 63 68 73 75 76 83 85 87 93
3 9 14 29 30 33 35 46 52 55 63 67 72 73 78 81 89 93
0 8 17 18 23 28 36 42 43 45 46 47 48 51 62 63 66 69 71 75 76 81 85 87 97
8 9 13 17 21 24 29 33 36 40 42 47 51 63 67 69 73 74 83 87 97
8 11 12 23 24 36 38 40 43 55 59 63 69 71 73 74 76 80 81 83 85 87 99
2 3 7 9 21 25 28 33 34 35 36 38 52 57 63 69 71 73 80 81 85 95
3 5 8 9 11 17 19 21 25 27 28 36 38 39 49 61 62 63 68 69 71 72 73 83 85 86 92 97
0 6 8 22 39 41 47 48 52 63 80 85 87 90
8 9 28 29 51 63 71 72 80 85 86 87 89 93 95 99
3 11 17 26 27 28 36 38 42 51 52 59 62 63 70 76 81 83 86 87 89 93 94
0 6 14 18 23 28 41 51 52 57 61 62 63 69 72 75 79 83 85 87 93
5 7 9 28 35 40 43 45 46 48 54 55 60 61 63 68 69 75 80 85 87 90 95
4 9 11 14 18 25 28 36 38 48 51 62 63 66 67 69 72 73 83
8 9 10 11 24 26 47 49 52 63 66 69 71 79 90
5 8 9 23 26 29 35 36 38 44 53 63 71 73 74 81 87 88 93 98
7 8 12 14 15 17 23 25 28 36 38 39 41 42 45 48 51 63 67 69 71 72 76 81 83 84 87 89 93 97
3 4 7 8 10 23 38 39 48 57 60 62 63 71 73 80 85 95 98
3 11 12 14 15 36 40 43 48 52 57 63 67 69 83 97
1 3 7 8 17 18 29 36 38 44 47 51 62 69 80 83 87 89 90 98
5 10 14 16 17 21 24 35 36 39 40 43 48 52 55 60 62 66 67 73 76 93 94 95
8 10 17 21 24 36 38 43 47 48 62 63 66 67 71 81 85 87 89 97
0 6 7 8 19 21 25 35 38 40 42 67 69 71 74 78 81 94 95
5 9 11 14 18 19 21 33 35 38 52 62 69 73 80 83 87 95
0 11 14 17 18 23 29 34 36 38 42 43 48 49 51 61 62 70 71 72 73 78 92
4 8 16 28 40 48 61 62 63 66 69 71 73 81 85 90 97
5 6 8 9 12 13 21 22 23 28 34 36 38 44 48 50 51 53 61 62 66 69 71 72 73 81 86
3 8 10 11 12 16 17 24 31 34 38 39 40 43 46 48 61 63 66 67 69 70 71 85 86 93 97
5 9 13 17 22 25 38 39 40 42 48 49 50 60 63 66 76 89 92
4 14 17 24 33 34 35 40 43 46 47 49 52 63 66 67 68 69 73 74 78 83 86 87
6 8 17 21 23 28 33 34 38 40 47 51 61 63 69 74 80 81 84 87 93
9 10 17 18 20 21 22 24 25 35 36 38 41 42 43 47 55 57 62 63 67 71 81 85 87 89 96
7 13 16 18 27 36 39 48 53 61 66 74 89 93 97
14 20 22 27 29 38 48 50 51 53 61 62 78 81 89 93 95 97
8 11 19 21 23 24 26 29 33 38 41 49 50 55 61 62 63 67 69 72 73
3 7 17 28 36 39 47 52 62 63 69 72 74 78 79 81 85 87 93
9 11 14 17 38 39 40 43 51 52 62 72 75 80 87 89 97 99
0 8 11 12 17 19 22 28 38 47 48 51 63 69 72 73 81 86 87 89 93
3 6 11 14 18 28 29 36 40 41 43 48 51 53 62 63 68 73 81 87 90 93 97
3 10 11 23 33 34 35 38 47 48 60 61 69 71 72 78 85 88 89 93 99
3 9 11 23 28 29 36 43 48 50 54 61 62 63 75 78 79 80 83 87 89 93 97
11 13 18 27 29 34 36 38 40 42 52 74 78 80 81 83
0 6 8 21 28 36 49 52 59 60 61 62 63 65 68 73 85 87 95 97
3 33 36 38 39 45 47 51 52 55 63 66 69 73 87
4 8 9 10 11 14 16 18 25 29 31 38 42 43 45 47 53 60 62 63 69 71 72 74 76 83 86 87 89 95 97
8 10 17 24 53 60 71 72 80 87 89 95 98
8 17 24 29 34 38 40 47 52 53 59 63 67 69 70 72 76 80 86 87 89 95 97
12 14 17 29 36 43 47 55 63 67 69 87 88 91 92
4 7 8 11 14 16 17 18 27 29 34 36 38 43 46 47 48 49 50 61 67 72 80 83 93 95
8 12 17 28 36 38 50 55 71 81 86 87 92
6 13 28 29 36 38 39 43 47 48 55 62 63 67 71 78 83 86
3 11 12 14 21 34 36 39 48 61 63 66 69 81 86 94 97
3 7 9 13 34 36 38 39 43 47 51 53 57 62 66 67 69 72 74 78 83 85 86 87 93
0 5 6 7 9 10 11 21 22 26 28 41 47 50 62 63 67 69 72 80 83 85
6 9 36 39 41 47 49 61 62 63 69 80 83 86 87
8 14 17 23 28 31 33 36 38 43 48 50 61 62 63 71 72 80 83 87 88 91 93 98
7 8 11 23 26 29 35 36 39 40 63 69 73
3 5 6 9 14 18 29 36 39 49 52 53 61 63 68 69 72 78 80 81 87 93 96
8 14 18 21 39 40 43 47 55 63 66 67 72 74 78 80 87 89
5 27 28 29 33 36 41 43 47 52 57 63 69 73 74 83 85 87 98
3 5 7 8 13 15 17 21 26 28 33 39 40 51 53 74 78 81 87 93
11 13 20 23 33 36 38 48 62 63 66 71 72 81 85
9 11 12 23 28 38 47 62 63 68 72 74 83 85 93 97
14 36 38 43 48 51 53 62 68 74 87 89
3 9 21 24 40 63 66 68 87
7 8 9 14 23 24 29 36 38 39 41 46 51 52 63 68 69 72 73 80 83 85 86 89 95
3 12 23 27 29 38 40 53 55 78 93
3 5 8 9 14 23 31 33 34 35 36 38 43 44 45 48 51 52 60 61 66 67 68 69 80 81
6 8 11 14 21 28 34 35 43 48 59 61 63 66 69 78 80 87 95
7 23 32 35 60 67 69 80 85 86 87
10 11 13 17 28 36 38 43 47 62 69 71 73 87 92 97
8 9 11 15 23 25 34 38 43 47 49 60 63 66 69 72 76 85 87 88 89
9 14 17 21 23 26 28 33 38 40 42 47 48 51 52 62 63 69 74 80 81 84 87 95
6 7 11 18 28 38 41 43 47 62 66 69 74 85 87 89
3 4 9 11 14 17 18 19 21 28 35 36 38 42 47 51 61 62 63 69 73 75 86 87 90 94
9 10 14 17 23 25 34 38 45 51 54 61 62 69 73 87 93 95 97
7 8 11 39 42 45 47 59 60 63 73 78 85 95
11 14 17 19 23 28 31 36 38 39 40 42 47 62 63 73 81 87 88 93 95
8 14 23 28 29 36 38 39 42 43 45 48 55 63 69 70 85 87 92 95 97
4 5 6 9 12 14 26 36 38 39 47 48 52 63 66 69 73 78 85 86 87
0 7 8 9 12 14 25 28 38 48 51 60 63 67 69 74 80 81 86 93
0 3 4 7 8 9 11 17 23 26 29 34 35 36 38 39 43 47 56 60 62 63 68 69 71 73 78 80 83 87 89 91
8 9 16 17 25 35 36 40 43 47 67 78 81 89 93 97
3 17 21 24 43 47 51 52 69 71 72 80 83 86 93
3 8 9 11 12 17 21 22 28 34 39 40 42 61 63 68 73 76 78 81 87 98
0 8 26 28 30 38 43 51 54 62 66 67 69 71 81 85 86 87
11 12 17 18 26 36 40 47 48 50 61 69 70 80 85 88 89
3 4 6 8 12 14 17 21 23 24 25 28 36 38 39 43 47 48 51 53 60 69 71 85 92 96 97
3 8 17 23 26 33 36 38 39 47 54 57 62 66 70 78 85 86 87 89 90 96
3 8 9 11 13 14 22 23 29 34 40 43 59 63 69 72 80 86 87 89 90
5 8 10 14 29 33 38 63 68 69 73 81 85 89 91 93
0 4 7 17 26 28 29 33 38 63 67 70 71 72 85 86 87 89 94 95
0 5 6 8 11 13 14 29 39 47 48 50 61 67 71 76 78 81 85 93 95 98
5 7 8 11 17 18 19 21 22 25 28 34 38 39 40 42 49 62 63 76 80 83 86 93
3 5 7 15 18 25 28 36 38 42 43 51 55 61 62 63 66 71 72 77 81
3 8 10 11 18 22 23 28 31 36 38 48 49 51 57 63 67 69 73 81 85 86 87 89
0 3 6 8 12 17 31 36 38 39 40 41 42 47 48 49 50 60 62 63 66 69 70 72 83 85 87 89 90 94
5 13 21 23 26 29 38 40 49 61 63 69 73 80 81 85 86 90
9 14 27 35 36 38 43 47 48 49 62 63 67 69 70 80 87 90 93 95 97
7 34 35 48 61 69 85 88 89 90 93
3 8 9 11 14 18 20 21 28 29 39 41 42 49 57 61 63 66 67 68 69 76 80 85 86 87
6 8 40 47 50 51 61 71 83 85 92
3 10 28 36 39 42 47 49 51 52 53 63 78 83 87
3 9 14 23 36 38 40 46 47 63 66 70 80 81 85
3 8 12 14 28 36 38 40 47 62 64 67 69 71 74 75 76 83 97
4 8 21 23 24 28 30 34 38 43 47 51 63 66 68 71 87 88 89 95 97
6 9 11 14 25 39 47 48 53 57 62 63 67 80 83 87 93
0 5 6 8 11 14 26 28 35 36 38 39 40 41 48 55 62 63 67 69 70 73 80 83 86 87 95
3 7 12 14 19 23 28 38 47 57 62 63 69 76 92 97
0 9 11 14 21 28 35 47 48 57 60 63 66 70 78 87 92
8 9 17 36 39 48 61 63 71 79 80
0 7 13 17 38 61 66 69 90
0 4 8 11 13 17 18 20 28 36 47 62 63 69 71 87 89 90
3 8 12 14 21 22 28 38 40 48 51 59 61 63 66 67 69 81 83 85 89 93 98
1 3 7 13 21 24 29 31 38 41 42 47 50 53 60 61 62 63 69 73 75 80 81 85 86 88
0 3 11 12 14 15 21 24 28 29 31 33 38 40 43 53 61 62 69 71 78 87 89 93 95 97
7 9 26 38 39 43 46 53 61 63 69 78 81 83 87 95
10 11 13 17 33 36 38 43 61 62 63 68 69 72 78 80 81 83 85 86 87
3 5 17 53 60 63 73 87 93 96
3 25 34 36 42 43 47 52 59 63 67 70 83 89 93
7 13 14 23 25 26 29 36 38 47 48 51 52 68 69 78 80 81 93
1 3 8 9 14 18 23 26 28 29 33 34 38 41 63 69 83 86 90 95
7 9 11 15 17 24 28 32 35 38 39 61 63 66 70 72 74 78 80 83 86 93
23 31 38 45 51 61 62 63 70 78 81 87
0 8 11 14 16 18 21 25 28 29 35 36 38 43 45 48 49 52 61 68 69 70 71 73 81 87 90 93 97
5 9 14 23 26 29 34 39 42 43 49 67 69 73 78 80
3 7 8 9 17 19 28 33 34 35 43 45 48 55 60 62 68 72 80 87
4 8 13 16 17 28 31 35 40 43 48 67 83 85 87
4 7 10 14 18 19 38 40 43 45 48 49 61 62 63 72 73 78 81 83 94 95
6 29 32 35 62 63 69 71 76 81 89 95
7 8 22 23 24 36 38 40 41 47 48 52 55 63 66 68 80 81 87
0 4 8 9 24 26 28 29 34 38 39 45 47 48 53 54 63 69 70 71 72 86 87 90
3 7 9 17 24 28 36 38 40 42 47 48 60 64 72 76 80 83 85 87 96 97
3 6 11 12 13 17 19 23 28 36 40 43 49 51 61 62 63 72 86 90 94
0 7 17 28 29 35 36 38 39 40 52 60 63 78 81 85 87 93
17 20 21 23 28 33 36 39 43 45 48 60 61 63 67 68 69 71 81 85 89 95 97
5 6 10 28 38 39 42 48 51 57 59 61 63 67 69 80 83 87 97
3 11 28 43 47 48 80 85 87 91 95
10 18 19 38 40 42 47 48 50 63 66 71 72 74 88 93 95
4 11 22 23 25 26 35 38 40 48 51 55 59 61 63 69 72 73 74 76 78 86 87 89 97
8 9 19 28 36 39 40 43 48 50 51 61 63 67 70 73 80 85 87 88
0 3 7 8 12 15 21 23 24 28 29 31 35 36 38 43 47 48 61 63 65 67 69 70 71 72 74 83 87 89 93 97 98
4 8 10 23 25 29 38 42 43 48 49 53 61 68 69 75 76 81 85 87 93
7 8 9 12 13 14 17 21 23 24 26 28 29 36 40 43 55 57 63 69 71 75 80 83 86 98
3 8 17 26 28 36 38 40 43 47 48 49 59 62 68 69 72 73 80 86 87 93
8 10 13 14 15 18 23 31 38 39 43 48 52 57 61 62 66 69 85 86 87 89 93
0 3 11 15 23 26 29 31 34 35 36 38 46 47 48 50 52 55 63 69 78 95
14 22 23 28 36 38 48 51 52 69 70 81 83 86
8 18 22 33 36 43 52 61 63 72 78 92 93 97
10 12 13 14 21 26 36 50 60 63 68 71 72 78 86 87 88 93
7 9 16 20 23 39 40 43 47 48 52 64 71 72 73 80 90 98
5 8 11 22 26 28 36 39 61 62 63 66 67 72 83 85 86 87 89 95
3 8 9 14 26 33 38 42 52 53 61 62 63 67 69 78 80 88
3 6 8 11 29 32 33 35 38 39 53 62 63 69 78 87 93 95
8 22 35 36 48 59 69 72 78 86 87 90
4 6 8 9 10 11 15 16 17 20 22 26 35 38 40 43 48 60 63 70 71 72 73 81 83 85 86 87
3 8 12 17 28 31 38 43 47 55 56 61 63 68 78 86 97
7 9 14 17 19 38 42 51 53 63 69 71 74 76 78 87 89 98
3 9 14 28 36 38 40 43 51 57 69 75 80 83 85 87 88 89 95
0 4 6 7 8 11 12 29 35 45 51 60 63 66 73 74 87 89
3 8 12 17 25 28 29 38 50 51 86 87 93
3 7 11 14 17 21 23 26 28 34 43 52 69 70 73 85 86 88 94 95 99
3 8 14 33 38 39 48 50 51 61 69 73 79 80 81 84 86 87 89 93 96
3 6 7 11 21 23 26 28 29 36 38 39 45 48 51 52 55 62 67 69 70 72 81 86 87 94 96
6 7 9 12 13 14 17 19 21 23 29 34 35 36 38 42 43 47 62 63 66 67 68 69 70 74 76 81 86 87 99
3 13 16 19 28 31 34 38 45 46 47 52 57 60 61 63 67 69 72 77 81 83 87 88 89 97
0 3 14 23 29 32 34 39 40 41 48 61 63 73 88
28 29 38 43 48 49 55 63 66 69 70 73 78 80 86 87 90 92 97
3 11 14 16 31 34 35 38 39 41 43 49 52 62 67 83 87 93
11 12 15 18 23 35 46 50 78 85
3 10 23 38 51 56 63 64 66 67 86
8 9 14 28 34 36 38 42 45 47 51 52 61 62 63 67 70 71 77 78 80 81 83 85 87 89
0 3 4 8 9 13 16 28 33 34 36 38 39 48 53 61 63 68 71 72 83 87
4 5 17 28 35 38 39 40 43 48 51 59 60 69 71 78 80 85 96
3 8 9 17 19 28 31 33 35 36 38 39 43 46 48 51 52 53 63 68 69 71 83 85 86
9 13 23 33 35 36 38 48 51 53 61 63 67 72 79 87
3 11 20 25 26 29 36 47 48 50 63 72 85 95 97
4 8 11 12 17 26 28 33 35 36 39 47 57 59 63 69 72 74 78 79 83 85 93
8 9 17 19 28 38 40 47 48 52 60 62 68 72 73 87 89 91 95
3 9 10 11 14 36 38 39 47 52 57 62 63 69 72 73 85
9 11 12 14 17 22 28 36 38 41 43 47 48 53 59 61 63 73 74 76 86 87 95 96 97
3 8 23 25 29 36 38 45 48 63 69 80 85 87
4 8 9 12 14 17 19 26 33 35 36 38 39 43 50 63 69 71 73 76 78 81 83 86 89 96
7 8 14 22 23 26 28 29 34 38 43 48 49 61 63 69 71 74 76 78 83 86 87 91 93
14 21 34 35 36 38 39 52 53 55 57 63 67 69 74 80 85 89 95
3 5 7 8 17 19 20 24 35 47 66 67 68 70 74 80 94 98
0 4 11 16 17 26 28 34 36 38 40 42 52 60 61 70 73 78 80 81 83 85 87
5 8 14 17 25 38 39 42 47 59 63 71 80 83 89 93 95
5 9 14 15 28 29 31 34 36 38 39 42 44 47 52 55 67 69 70 78 81 83 85 86 89 90 96 99
8 10 13 14 21 22 36 39 45 48 50 63 68 69 71 78 80 81 90
9 17 21 23 24 33 36 38 47 48 49 50 62 63 67 76 78 80 87 90 98
3 8 22 33 35 39 48 53 63 71 78 80 83 89
5 8 12 14 19 28 29 36 38 39 41 50 67 68 80 83 85 86 88 93 96
0 3 5 8 10 17 20 23 26 33 39 51 63 64 66 69 70 71 76 80 82 85 87 89 91 97
3 8 11 12 14 17 24 26 27 29 35 36 38 39 40 52 70 72 74 85 90 92 97
1 6 8 9 11 14 17 26 29 36 40 45 61 63 67 69 70 71 80 83 87 89 93 97 99
4 5 6 10 11 17 28 31 34 38 42 44 48 61 63 68 71 73 80 83 85 87 92
9 16 33 38 39 43 47 48 49 51 61 62 63 85
3 5 6 10 38 40 48 50 52 69 70 74 76 78 80 83 86
3 9 10 18 24 29 33 35 38 40 42 44 46 47 50 59 63 69 78 85 86 87 88 89 93 97
11 17 21 23 28 38 40 47 50 57 61 63 73 74 78 81 83 85 88 90 93 97 98
0 3 7 10 13 17 36 38 42 47 48 53 54 57 68 72 75 81 87 97 99
3 7 8 9 17 25 26 33 63 75 78 80 87 90 98
3 8 22 26 28 29 36 40 41 47 51 52 63 66 69 70 78 80 87
0 3 11 16 18 21 28 31 38 43 49 51 59 60 63 73 85 93
3 6 8 11 12 15 17 18 29 34 36 38 40 62 63 69 72 78 83 85 95 97
0 3 8 9 11 12 13 14 18 25 28 29 36 38 42 47 48 49 51 62 63 67 78 83 87
6 8 17 18 29 33 36 38 45 47 48 83 85 87 93
3 11 12 17 21 22 36 38 39 45 48 60 62 68 69 70 73 85 87 92 97
4 9 10 11 13 14 23 28 29 38 40 41 42 47 50 52 61 67 70 71 73 85 87 88 89 93
7 18 19 35 36 38 39 40 45 48 61 62 67 80 85 87 93 95
6 7 9 11 13 14 16 17 23 28 29 33 36 38 40 48 57 61 69 72 78 80 81 83 85 86 89 94 95
7 8 14 29 37 38 45 47 48 56 63 68 71 81 84 86 87 95
0 5 7 11 12 14 18 23 25 35 36 43 52 62 66 67 69 76 81 83 86 89 91
4 8 14 16 17 21 28 31 33 38 47 48 63 80 83 86 87 96
0 3 5 8 9 12 17 31 33 36 40 45 48 50 63 67 69 71 74 78 80 81 83 85 86 89 97
3 8 9 11 12 14 17 18 22 23 25 34 35 36 39 47 48 49 60 62 63 69 70 72 73 76 78 81 85 86 87
3 8 18 19 29 36 38 42 47 48 59 63 69 83 86 87 89
8 23 26 29 35 38 43 47 48 49 63 69 72 73 78 86
0 3 7 11 12 14 17 18 23 29 33 35 36 38 42 47 48 51 57 63 66 67 69 71 77 79 81 83 86 87 89
3 19 28 29 31 41 47 50 55 60 62 67 74 78 83
12 13 14 21 23 29 35 36 48 51 53 57 61 67 70 80 83 85 87 89 95
5 7 25 34 38 39 40 42 43 68 69 71 76 78 83 85 86 87 88 97
6 9 10 11 17 21 26 38 39 42 47 48 51 63 69 76 87
17 28 29 36 39 43 48 60 61 63 68 81 86 87 88 92
0 7 12 38 52 61 68 73 86 91
3 8 9 11 12 17 21 28 31 33 38 39 43 48 52 53 57 63 67 69 76 78 81 83 85 86 87 88 89 95 99
0 1 3 5 10 11 18 21 24 28 38 40 41 42 48 51 53 63 69 71 78 79 81 83 92
5 12 17 26 27 28 40 48 55 81 85 87 93
5 6 9 17 21 29 31 33 36 38 40 42 50 63 68 87 92
0 7 8 11 14 19 28 29 36 38 48 51 53 55 63 68 69 72 73 81 83 85 93 95 98
8 28 35 47 48 50 63 67 69 70 80 81 85 95
11 17 18 22 23 36 38 48 60 63 69 78 80 87 89
3 23 38 45 48 50 51 53 61 67 68 71 78 81 86 87 88 89 93 95 99
8 21 28 33 35 43 48 60 61 62 68 69 81 83 94
0 3 4 6 9 13 20 26 29 34 40 51 52 63 66 67 76 80 87 90 93 94 96
3 4 5 8 23 25 28 31 34 35 38 47 50 59 60 61 63 69 71 80 87 88
3 7 19 22 38 39 42 48 67 68 69 87 88 89 91
9 12 14 17 19 42 44 51 55 63 70 72 87 88 93 96
3 4 9 11 13 18 19 20 21 28 31 33 36 38 43 48 49 52 59 61 66 69 71 85 89 91 93
14 17 22 23 39 41 43 47 48 54 57 61 62 72 73 74 83 85 87 89 95
7 8 17 23 24 26 35 38 39 43 48 61 63 69 73 78 86 87 88 97
5 10 17 23 27 29 31 35 39 42 44 48 61 62 63 69 71 73 78 81 83
4 6 28 38 52 53 57 61 67 69 71 74 76 80 86 87 93 97
0 3 8 9 17 18 23 28 35 36 40 42 45 48 60 62 63 68 76 83 85 87 92 97
3 5 21 23 63 69 73 81 83 87 89
10 14 23 62 69 71 73 74 81 85 86 87 93
8 9 12 14 26 38 42 53 61 63 67 69 89
9 11 17 23 25 26 34 38 41 42 43 48 50 51 55 62 69 87 90 92 95 97 99
5 6 7 11 22 27 36 52 63 70 85 87 95
3 8 23 25 29 36 38 39 41 47 48 53 62 63 69 70 73 81 83 86 87 93
0 3 4 8 11 17 18 19 21 25 29 36 38 39 43 44 48 51 66 71 80 85 87 93 97
5 8 10 12 17 36 38 39 41 43 48 49 69 74 83 89 93 95 96 97 99
0 1 6 11 13 14 24 26 27 29 36 39 47 48 62 69 74 78 80 81 83 85 87 90
9 13 14 21 28 29 36 40 62 68 69 73 80 81 85 87 97
3 6 8 9 11 13 14 17 21 23 33 35 38 39 48 54 62 63 69 70 72 73 74 80 86 87 93
0 8 9 10 12 17 18 21 22 28 35 36 38 39 40 48 61 62 68 69 70 85 86 87 95
8 10 12 14 29 38 40 43 48 57 59 73 81 87
3 5 8 12 29 35 38 41 61 62 67 68 69 75 83 93 97
3 4 5 12 13 22 28 38 40 41 46 48 52 57 62 63 66 67 69 70 73 85 86 87 99
0 8 11 12 13 17 18 20 33 35 39 40 46 48 51 53 63 67 76 83 91 93 98
3 14 28 33 36 38 47 48 49 51 63 66 69 93 99
3 9 12 16 21 27 34 35 36 40 46 48 53 62 63 81 83 97
7 14 16 17 21 29 33 34 43 51 62 63 73 80 87 96 98
0 11 17 21 26 35 38 42 46 48 51 61 62 63 67 69 71 74 80 87 88 93
3 5 14 23 24 26 38 40 46 47 48 53 60 68 69 71 78 81 87 89 93
3 5 8 9 17 28 36 38 40 48 61 69 71 74 78 80
0 6 11 12 21 23 24 28 29 33 40 41 42 47 52 55 63 67 68 73 78 85 87 89 90 93 94
8 10 25 26 43 47 48 52 63 69 72 73 85 87 90
11 26 33 36 42 49 51 63 69 74
0 3 20 21 31 33 34 36 49 50 63 70 88 96
3 6 7 14 17 19 23 25 26 28 33 34 36 38 42 48 49 62 67 69 74 75 87 88 89
3 17 23 28 36 61 69 72 81 87
11 20 23 36 38 39 49 51 55 63 69 71 73 80 83 87 93 97 99
8 10 11 17 23 29 31 34 36 38 39 48 63 78 83 86 89 93
3 5 13 14 16 20 29 39 40 46 47 48 51 52 62 69 81 83 87 93
7 9 10 28 29 36 38 39 40 48 52 54 59 60 61 62 68 72 80 81 86 87 89 91 98
4 17 36 39 48 51 63 69 72 73 76 83 88 93
5 9 13 14 17 18 26 28 29 35 36 38 39 47 48 69 71 72 74 78 83 87 92 96
7 8 9 10 14 18 19 29 35 36 38 46 48 49 52 53 57 59 61 63 68 69 73 74 78 87
0 10 11 12 25 26 29 31 33 36 38 43 48 49 60 63 72 76 80 81 85 87 88 89 90 91 95
6 8 10 11 18 28 29 36 38 52 62 68 69 72 73 85 86 89
3 6 13 14 18 25 27 29 34 36 38 40 47 52 71 72 74 78
8 10 17 27 38 40 43 48 62 63 67 69 77 79 85 87 89 97
8 11 14 17 18 19 22 24 28 36 38 40 44 46 47 48 62 63 67 68 71 72 73 75 80 83 86 89 93 97
0 8 10 14 17 29 38 39 43 63 69 73 76 78 79 80 83 85 89 93 97
0 3 8 9 17 38 60 62 63 67 72 76 78 97
3 4 8 11 13 14 17 23 29 33 34 39 43 50 62 67 71 85 86 97
9 11 28 36 38 39 42 48 61 63 66 71 80 87 93 95
9 17 19 23 26 34 35 36 38 39 40 43 52 62 63 69 81 86 87 91 99
0 8 11 12 14 24 28 35 38 43 53 57 61 63 69 78 87 96
8 11 13 23 28 34 38 39 41 51 63 71 72 76 78 87 90 93
8 11 28 29 33 36 38 41 60 61 63 66 69 80 83 85 87
1 3 4 8 21 29 35 38 40 43 47 48 52 55 60 63 66 67 70 83 87 89 93
0 3 7 8 11 13 29 33 34 35 36 38 39 45 46 48 49 51 62 63 67 69 76 81 83 87 90 91 93
3 5 6 12 14 17 23 25 26 29 34 35 36 38 39 42 45 47 48 52 65 66 68 69 72 74 78 80 81 86 87 89 93
0 17 29 35 36 38 39 41 62 74 81 83 85 87 89
0 3 11 12 14 17 20 28 35 36 38 39 40 47 48 53 63 67 70 80 85 87
3 8 11 17 22 23 28 36 38 39 47 48 49 51 53 57 63 67 69 71 72 89 93
8 9 11 14 23 28 36 38 39 40 43 45 52 53 62 63 66 67 72 78 86 87 91 95
7 11 17 28 29 33 38 40 51 61 63 71 72 76 80 81 83 87
3 6 8 11 14 29 35 36 39 41 47 48 52 53 61 63 73 74 76 78 81 85 87 93 95
8 17 26 28 29 38 39 43 45 61 67 69 71 81 86
9 14 23 24 33 35 43 60 61 69 80 85 86 88 96
3 16 38 47 48 61 62 63 73 80 88 89 97
4 6 8 11 26 28 39 43 47 48 53 62 63 69 70 71 72 76 78 81 87 88 95 98
3 11 40 42 47 59 61 63 80 95
0 3 5 13 19 35 36 38 39 40 62 69 70 78 87
11 17 18 35 36 48 51 52 61 63 69 71 73 74 75 80 87
17 23 36 38 41 55 71 72 83
0 3 10 11 17 24 25 28 35 39 40 43 48 52 55 62 69 70 71 72 77 80 81 86 87 88 90 97
8 9 10 12 14 17 26 28 30 31 33 36 38 42 43 48 50 51 52 60 61 63 68 69 73 85 86 87 91 95 97
3 8 17 28 36 38 39 42 46 49 67 69 76 81 83
0 4 5 9 10 13 23 26 28 31 38 40 42 45 57 59 62 63 66 69 71 74 80 83 85 86 89 97
3 7 9 12 14 17 18 38 40 42 43 47 48 49 51 55 60 61 67 69 74 81 93
3 8 9 12 14 19 25 48 51 61 63 66 69 72 80 86 90 92
3 7 8 9 11 17 18 21 28 31 36 38 40 43 46 63 69 72 78 89
14 18 28 29 36 38 48 51 70 71 72 83 87 89
3 8 9 11 12 17 33 36 38 40 41 60 62 67 69 80 81 89 92 94
4 9 28 34 38 39 40 43 45 47 49 52 63 66 67 68 69 71 72 89 97
3 11 12 15 18 28 39 51 61 62 63 69 71 72 74 83 86 87 93
14 17 21 22 26 35 38 39 46 48 57 63 67 70 83 89 91
3 6 21 28 31 33 38 39 47 54 63 86 87 93
5 7 8 9 14 25 35 41 47 62 66 67 69 85 86 87 93 95 97
3 9 11 17 19 21 29 31 36 47 48 50 53 61 62 63 69 80 81 85 86 87
5 7 8 14 17 18 23 25 28 36 38 40 48 49 51 60 62 63 66 67 69 72 75 80 81 87 91 92 95 99
7 10 11 13 17 24 25 28 33 36 38 45 48 51 52 54 63 66 68 71 81 83 86
5 7 18 24 27 33 38 48 53 61 62 63 66 78 79 81 83 89 93
7 8 9 10 13 14 17 18 19 26 27 29 35 36 38 39 47 50 57 61 63 67 68 71 73 74 78 86 87 92 95
0 7 8 9 11 17 20 22 25 33 38 50 62 63 71 78 87 90 91
0 3 9 12 15 19 23 28 36 38 40 47 63 72 74 81 87 88 89 99
3 11 21 31 36 38 39 51 52 62 63 67 71 74 78 81 97
16 21 33 36 47 48 63 64 69 72 75 80 81 83 85 93
7 28 36 40 43 55 63 72 80 81 83 87
3 8 11 21 38 40 43 44 48 49 51 69 71 89
3 6 7 10 11 12 17 23 29 39 40 41 43 47 48 50 51 53 61 62 68 69 73 76 83 85 87 89 93 95
3 5 7 11 24 35 46 48 61 62 78 87 95 97
8 9 11 14 17 28 31 38 39 43 45 47 53 63 69 71 76 78 80 87 95
3 4 5 8 9 11 14 38 39 49 50 51 55 62 67 69 73 81 85 86 87
8 23 49 63 68 78 81
0 4 17 21 33 40 41 43 47 48 51 57 62 63 69 76 80 81 83 87 99
3 28 38 63 69 73 85 92 94 95
11 12 14 17 25 28 34 36 39 47 48 50 51 57 60 61 63 68 72 73 81 87 89 97
3 8 12 14 17 22 29 36 38 39 45 47 50 51 63 67 69 72 86 91 93
3 8 9 12 15 16 17 18 28 29 35 38 41 47 48 49 52 55 57 61 69 72 83 87
3 17 18 21 26 28 38 39 42 47 48 50 55 61 66 69 71 86
7 8 12 34 38 39 51 53 81 87
6 11 16 18 19 23 25 36 39 42 43 47 53 55 61 63 69 70 73 80 81 83 85 87 89 94 98
3 9 17 19 42 43 46 47 69 70 83 85 88 89
3 7 14 17 35 38 43 46 63 66 67 77 81 85 86 87 93 95
8 12 17 18 21 30 34 36 38 49 51 53 59 60 62 68 69 71 74 75 78 83 85 87 88 89 92 97
15 17 18 28 34 40 55 61 62 63 72 74 81 87 90 96
0 4 8 10 11 14 16 20 21 26 28 29 36 38 40 51 63 72 74 81 86 95
0 3 5 9 10 14 23 28 32 34 41 45 48 61 63 67 69 73 74 80 87 88 93 95
3 8 11 17 24 36 38 39 48 50 52 62 72 78 86 96 97
3 7 8 29 34 36 40 46 48 53 57 66 69 83 85 86 87 98
3 7 8 17 21 28 33 38 45 57 60 63 72 77 80 87
0 3 16 38 39 40 52 63 68 74 85 89 93 97
3 7 8 9 10 15 18 25 29 38 41 43 48 57 63 66 67 68 69 70 87 93 97
0 5 10 11 13 17 21 26 28 29 35 39 40 47 50 57 61 63 73 74 76 86 89
3 5 13 24 25 29 33 35 38 40 41 42 49 51 63 69 72 74 78 81 83 86 87 89 93 99
3 6 9 11 29 35 38 47 48 63 67 69 73 74 76 77 80 81 83 85 93
11 12 24 25 33 36 38 48 52 53 66 73 78
3 8 9 20 36 41 44 48 61 80 83 89
0 6 7 8 14 17 19 26 29 39 42 47 49 51 61 62 63 68 71 73 74 81 87 95 99
3 5 9 11 12 31 35 36 38 39 43 48 51 61 62 69 71 85 89 93
3 8 9 16 17 21 25 29 34 36 38 39 43 47 48 50 55 61 62 66 69 72 81 87 96 97
4 10 11 17 24 29 38 39 43 50 62 63 67 70 76 78 80 81 83 87 93 97
8 9 10 26 34 36 38 42 53 59 61 67 69 76 87 95
4 11 12 25 34 38 39 44 47 48 52 55 61 63 67 68 69 72 73 75 77
3 5 26 35 38 45 50 57 62 70 78 80 94
3 4 9 17 28 38 60 72 73 87
3 4 9 11 14 16 17 20 21 22 29 36 47 72 76 78 84 86 87 92
7 9 10 11 18 22 35 36 38 39 50 51 67 69 76 85
4 8 11 14 17 19 21 28 33 36 38 40 47 51 61 63 66 67 69 73 80 90 96
0 8 12 15 26 29 35 36 41 42 43 48 51 57 59 60 63 67 69 76 86 87 95
3 9 23 28 35 36 38 39 46 48 60 63 69 71 72 74 78 80 85 87 93 95 96
8 14 17 29 33 35 36 42 46 47 48 63 67 69 73 81 89 93 95
3 21 34 38 39 47 49 72 73 78 80 84 87 93 95
0 3 6 9 11 17 18 28 35 36 38 40 42 43 48 51 60 63 69 70 80 81 83 86 89 95
11 12 14 21 23 24 29 35 36 38 39 41 46 48 51 52 53 57 59 62 63 69 72 74 83 85 87 90 93 94 95
3 11 12 14 17 28 29 33 34 35 36 38 40 45 47 57 61 62 66 68 70 71 72 81
6 9 11 15 26 35 38 41 67 69 71 81 87 89 90 96
8 17 19 21 22 28 43 48 55 62 63 69 70 71 72 76 85 88 97
3 11 17 23 36 38 47 49 55 61 66 69 73 74 78 81 88
7 11 13 18 28 35 36 38 39 43 51 53 55 60 61 68 69 71 78 81 89 92 97
5 8 14 19 23 28 29 36 38 39 43 48 49 53 63 67 68 69 71 73 74 83 85 86 91 95 96
3 12 17 19 26 33 34 43 45 49 55 61 63 69 72 88
11 13 14 17 20 28 31 36 38 42 48 52 69 78 80 83 87 94
11 17 27 28 44 47 51 59 62 71 87 89 91
3 6 8 9 11 20 27 28 34 36 46 47 48 51 54 61 62 68 69 74 80 81 87 95 97
3 4 11 16 17 31 34 48 60 63 67 70 80 83 85 87
3 9 10 12 23 25 41 43 48 51 57 61 62 63 72 75 79 86 87 96
8 9 15 28 38 47 63 69 70 78 87 92 95
3 5 12 22 33 34 36 38 39 40 42 47 51 57 61 62 63 68 69 71 80 81 83 85 86 88 89 93 95
11 14 17 28 32 35 36 38 47 48 50 57 63 78 87 89
5 15 16 18 28 29 38 39 42 47 52 63 69 71 73 85 87 93 95 98
3 5 6 8 9 10 11 26 28 29 31 35 36 38 39 43 51 53 54 55 57 66 78 83 87 93 97
0 3 4 9 12 16 28 29 31 36 38 39 42 48 51 57 62 66 69 71 80 81 87 90 93 94 95 97
3 7 8 17 18 19 23 38 39 40 42 45 49 57 59 61 63 66 73 77 80 81 87
6 7 8 11 12 14 26 28 29 36 38 40 43 45 48 61 63 67 68 69 78 81 87 92 93
5 8 12 21 26 29 34 35 38 44 48 49 51 62 63 69 70 81 87 93
3 9 11 12 19 26 38 48 51 67 70 71 72 81 83 85 87 89 90 96
11 17 21 36 47 48 59 61 62 63 71 74 87 89 93
3 6 46 48 61 63 68 72 75 79 83 86 87 88 93 95
8 19 29 33 38 39 43 44 46 47 48 51 61 63 69 72 77 80 87 96 97 98 99
3 4 5 6 7 8 9 11 14 29 34 35 38 48 61 66 72 73 78 80 81 85 87 89 93
4 8 9 11 14 17 29 36 39 40 45 47 48 62 63 70 83 87
3 8 9 13 17 19 28 36 48 60 67 81 83 85 86
11 13 34 38 40 45 47 51 61 62 67 68 69 70 72 85 86
3 8 12 26 36 38 51 63 69 72 74 81 85 87 90 93
3 4 7 9 12 15 25 26 28 34 38 39 45 47 48 51 52 63 72 73 74 78 80 81 85 87 90
8 9 12 14 24 26 28 33 34 39 40 43 45 48 51 53 62 63 68 71 72 73 75 78 86 88 94 95
8 11 12 14 21 35 36 38 40 45 48 52 69 73 86 90
5 6 28 32 39 41 42 43 46 49 52 61 62 69 70 72 76 78 82 83 87 89 93 99
3 7 9 13 17 23 25 28 38 50 61 67 72 74 78 80 85 87 93 94
3 4 9 11 18 19 23 29 40 43 47 48 51 63 68 69 74 85 87
8 9 11 14 17 19 21 25 29 33 38 40 46 47 48 49 61 63 68 72 73 83 85 86 87 91 98
0 7 9 10 11 14 34 36 38 40 63 78 83 87 89 92 99
14 17 47 52 59 72 80 85
8 11 13 17 23 28 33 35 38 48 54 71 74
3 8 12 16 19 20 28 29 36 42 48 61 62 63 66 67 68 71 80 83 87 93
8 9 11 14 17 25 27 34 36 38 42 45 48 51 63 68 69 72 74 78 87 88 92
3 4 8 9 12 17 26 39 40 47 48 51 53 62 63 69 70 75 83 87
3 4 8 14 19 20 23 28 35 39 43 61 62 63 66 69 85 87 92
0 3 9 14 15 17 20 23 24 26 36 38 42 47 51 52 62 63 68 69 76 78 80 83 87 89 90 97
4 8 11 26 28 34 38 39 42 46 48 49 51 52 63 67 70 73 81 87
0 9 19 26 28 33 35 36 38 41 44 47 49 51 61 63 72 74 78 81 87 96 99
5 6 8 27 35 36 38 39 40 47 61 63 66 67 69 71 76 79 87 89 96
8 14 21 25 35 36 40 48 50 63 69 70 78 80 83 87 89 98
0 3 8 13 21 26 34 38 41 43 46 50 55 63 69 80 85
3 7 9 11 17 19 21 28 29 36 38 48 51 61 62 63 66 69 71 72 85 86 87 92 95 97
17 18 24 33 36 38 43 53 63 69 71 72 74 81 87 89
0 16 42 43 47 48 62 66 71 72 73 98
11 13 17 25 28 29 35 36 38 40 43 47 59 61 63 66 67 69 74 81 83 87 95
5 21 23 25 27 28 33 34 38 42 63 71 87
0 8 9 19 35 36 39 43 61 63 68 69 73 78 81 83 86 92 96
17 24 28 36 38 50 55 63 67 69 71 81 95 97
10 11 12 17 25 28 29 48 61 62 81 89 91 92
3 5 6 7 8 10 14 17 21 29 31 35 36 38 39 43 47 48 50 52 63 67 69 70 71 72 73 87 88 89
3 8 10 11 16 17 19 23 33 36 38 39 43 47 50 52 60 63 67 68 69 85 86 89 90 93
4 5 11 14 19 28 36 42 51 55 61 63 66 80 81 86 87 95
14 18 19 22 27 29 36 38 47 59 63 73 87 89 91 92 97
4 5 8 14 17 22 25 29 39 45 59 67 70 73 86 87 89 91 92 93 98
3 11 29 38 55 67 69 71 76 80 81 86 87 89 90 94 97
4 8 11 17 21 25 28 45 48 49 60 63 66 69 74 78 86 87 89
0 3 4 8 14 15 17 23 25 32 36 38 39 40 41 43 46 48 49 63 67 73 78 81 83 85 88 90
3 4 8 9 12 13 14 34 35 36 41 48 51 63 69 73 78 84 87 89 93 97
6 7 8 21 27 29 35 36 38 39 43 48 66 67 68 69 71 81 83 85 87 95 98
8 9 14 17 19 36 38 47 52 53 63 67 68 72 83 85 86 87 93 95
4 7 8 15 17 23 26 36 38 49 60 63 67 78 81 85 87 93
9 10 11 14 17 21 33 35 36 38 40 48 49 52 67 69 71 74 78 80 81 93 95
0 3 8 11 12 14 15 17 19 25 38 40 47 48 62 69 72 76 81 86 89 96
0 11 14 15 17 19 21 23 29 38 39 40 48 50 52 60 63 66 67 71 76 78 86 97 98
6 29 32 38 39 40 47 53 60 63 71 78 81 87 93
7 14 21 25 26 29 38 43 45 52 63 66 68 69 70 74 78 83 87
0 3 4 9 14 17 22 26 35 43 47 49 62 63 68 69 71 74 78 87 89 96 97
0 3 6 10 11 28 36 38 39 40 42 51 62 63 69 71 72 73 81 83 85 87 88 93 97
0 8 14 18 20 23 28 29 48 51 68 70 72 87 89 93
1 5 6 7 14 28 29 34 38 39 48 51 52 53 57 63 69 71 76 78 87 97
3 8 19 29 35 36 38 39 40 41 51 61 69 72 74 76 85 86 87 92 93 96
8 11 12 14 17 18 29 34 39 47 57 63 73 81 83 91
0 8 11 17 21 28 33 34 36 38 40 51 57 62 63 66 69 74 94 95
6 7 21 23 28 36 38 40 41 47 48 49 54 60 63 68 74 78 80 81 83 87 89 97
12 21 40 51 66 67 78 81 90
3 7 17 19 23 28 29 34 38 39 40 51 52 61 62 69 80 81 87 93
3 6 9 12 35 38 39 47 62 63 69 70 72 73 83 85 87 89
8 11 13 17 18 19 28 34 35 36 38 40 60 61 63 64 66 67 69 72 87 88 95
0 3 6 8 11 35 36 40 43 44 46 47 48 52 61 67 69 78 80 81 87
7 8 9 28 36 43 48 51 61 62 67 69 71 74 84 87 89 93
3 4 7 8 9 13 17 28 29 38 39 51 63 69 71 72 73 77 85 86 87 88 93 98
3 12 13 14 17 18 23 26 27 29 36 39 40 46 48 49 57 60 63 69 80 83 84 85 86 87 89
8 9 23 38 39 41 47 49 52 63 75 80 83 86 87 96 97
0 10 11 20 38 39 42 44 48 50 51 61 63 67 80 83 87
5 26 38 51 62 71 72 78 97
0 4 23 38 52 53 59 61 67 71 73 87 94
5 14 19 21 26 28 35 40 48 60 61 62 69 72 74 76 83 87 94
1 6 12 18 34 36 48 63 67 69 83 86 87
3 11 13 15 25 26 27 28 36 38 39 42 43 47 48 51 63 71 74 77 83 86 89 92 93 96
8 11 13 25 26 28 34 35 38 39 63 70 71 74 77 80 83 85 86 87 95 98
5 8 9 11 12 14 17 22 23 28 29 38 45 48 53 60 63 66 69 71 72 83 85 87 89 91 93
3 5 7 9 10 23 29 38 40 42 43 46 52 53 62 63 67 72 78 81 86 87 88 95
4 14 36 38 43 47 48 49 66 69 73 76 78 81 85 86 93 94
4 9 23 26 28 39 43 48 55 61 63 69 76 86
4 11 12 17 21 23 29 31 38 43 53 68 81 83 94
5 11 17 21 23 26 27 33 39 47 48 49 51 60 61 62 67 72 73 74 78 86 87 97
4 14 26 27 36 39 42 43 46 47 48 49 68 69 73 78 85 88 89 93 94
0 6 14 29 36 38 50 62 69 77 83 85 87 89 93
9 23 35 36 38 40 43 45 50 51 52 61 68 75 80 81 85 92 95
3 8 13 19 35 36 42 48 49 51 67 70 74 89
7 8 9 11 21 36 38 61 63 66 67 70 73 80 85 86 87 89
3 9 14 16 17 28 34 38 40 45 48 51 52 63 66 67 75 80 83 85 86 87 89 93
6 8 11 29 32 33 35 36 38 42 59 62 63 69 71 72 74 76 78 80 81 83 86 87 89
11 14 23 27 28 29 31 33 35 36 39 41 43 49 55 63 70 74 80 81 83 85 87 89 93 94 96
3 5 11 17 28 33 36 39 40 49 51 61 63 68 71 81 83 93 95 97 98
0 4 7 11 20 34 38 39 43 47 48 59 61 67 75 80 81 86 87 89 95 99
3 5 11 17 22 28 29 38 40 43 47 48 50 57 62 63 67 69 71 78 83 86 87 89 95 97
0 3 8 19 23 29 34 36 38 39 42 47 48 50 55 61 66 72 73 77 78 80 83 85 86 87 89
0 3 8 19 26 33 34 35 38 40 43 48 54 62 63 73 86 87 95
3 8 9 11 18 19 23 29 34 35 36 38 39 40 47 48 49 52 61 62 63 66 69 72 74 78 80 81 86 87 88 89 93 95 99
14 17 21 23 29 35 36 38 43 45 47 48 50 52 57 59 69 71 74 76 78 80 81 87 91
3 4 9 16 18 23 24 25 35 36 38 40 42 43 48 52 63 66 69 73 78 83 85 86 93 97
6 13 25 29 32 35 38 39 40 48 62 63 72 78 81 93
3 7 10 29 33 38 49 50 61 62 63 69 72 73 76 80 87 89 97
0 3 4 14 17 20 24 25 26 28 29 31 38 40 48 63 71 73 83 87 88
5 9 17 36 39 47 48 57 61 62 63 68 71 76 83 84 85 87 97
3 8 16 17 20 36 38 46 50 51 60 67 71 73 86
12 18 21 23 29 33 36 43 45 48 61 68 71 74 77 81 99
4 7 9 13 14 22 23 26 28 38 39 48 49 59 63 69 72 78 80 81 86 97
0 3 15 25 33 38 40 42 43 48 51 52 61 66 69 72 76 78 81 86 93 98
3 11 12 15 23 29 35 36 44 46 47 48 64 67 69 74 75 76 83 86 89 97
0 10 11 17 26 36 40 47 51 60 66 68 69 76 86 89 90 98
8 10 12 14 35 36 38 39 42 43 63 69 72 74 76
3 7 8 11 17 25 28 31 35 36 38 39 50 51 55 63 66 81 83 87 90 97
5 21 29 30 47 52 63 69 73 85 87 98
3 5 8 9 23 28 40 43 47 52 62 63 67 68 71 72 73 85 87
3 7 14 21 23 25 26 34 35 36 38 39 46 47 48 51 62 63 72 76 78 80 85 87 93 95
3 6 8 14 17 26 46 47 48 55 62 63 70 87
3 11 17 29 35 36 38 39 63 69 73 79 81 83 86 87 97
3 9 11 17 29 41 43 48 50 56 68 69 78 79 81 87 89 94
16 21 22 23 24 28 36 40 47 57 60 61 68 71 73 86 89 95
8 10 14 17 18 21 23 25 29 31 34 35 38 40 48 49 50 51 52 53 55 59 62 63 67 71 76 78 81 86 87 92
3 7 8 9 12 13 26 28 31 35 36 38 39 40 41 51 55 60 63 67 68 69 78
3 8 10 12 14 29 32 36 48 53 55 56 63 70 71 72 86 87 89 92 94
5 8 17 18 21 29 36 38 39 43 47 53 59 63 68 69 85 86 87
6 7 8 11 12 25 26 38 43 47 48 49 52 61 63 67 68 69 70 71 72 78 85 87 98 99
3 8 22 23 25 28 33 40 51 53 74 85 95 97
4 5 17 21 23 28 48 61 62 83
13 14 21 26 35 60 61 69 78 80 81 88 93
7 8 11 12 13 27 35 38 40 43 49 52 60 61 62 69 74 78 83 87
0 3 5 6 10 17 28 29 38 43 48 61 62 67 69 71 72 78 81 83 86 87 89 90 93
8 16 21 28 29 31 34 35 42 48 52 61 72 87 95 96 98
5 8 10 11 12 34 36 38 50 61 63 66 68 69 70 78 81 87 99
6 23 34 40 43 48 51 55 57 60 63 69 74 78 84 85 89 94
10 14 17 26 43 45 55 66 67 74 81 89 93
4 8 16 17 21 26 28 35 38 39 40 43 48 52 60 63 66 68 69 74 81 85 86 87 89 95
5 7 9 16 21 25 28 29 35 38 39 42 46 47 49 51 52 61 62 63 69 85 87
3 9 19 25 35 38 40 43 47 51 69 72 73 81 85 89
0 7 8 14 23 24 29 32 36 38 39 40 41 48 52 60 62 63 69 72 73 81 87 88 94
3 4 5 7 9 13 17 21 23 26 29 34 38 42 63 65 69 74 80 85 86 87
3 9 13 14 21 23 31 34 38 40 42 45 47 48 49 53 57 61 63 69 70 78 85 86 87 89 92 96
7 8 18 24 29 33 38 47 48 49 60 63 66 69 71 72 73 76 81 83 87
3 5 11 13 14 22 23 36 38 40 42 48 60 62 80 86 87 89 90 93
3 4 7 11 13 14 17 18 23 29 31 34 38 48 53 60 67 71 72 78 87 94 95 97
3 6 8 9 10 27 36 38 39 42 45 47 62 63 66 74 75 77 78 80 87 89 90
6 7 11 18 24 27 28 29 35 36 38 45 51 62 67 68 69 72 74 78
3 5 11 13 28 42 45 48 52 61 63 67 68 69 70 74 81 85 87 90 92 94 95
3 4 8 18 28 31 35 38 39 47 48 60 63 68 69 71 73 74 80 83 85 86 88
0 3 4 7 11 12 17 21 28 29 36 40 51 60 67 69 71 89 90 92 93
3 7 9 12 14 19 21 25 29 35 39 40 43 63 69 72 78 79 83 86 87 93 97 98
8 12 17 18 22 29 33 36 38 40 49 55 61 62 63 66 69 72 73 81 89 91 97
8 17 23 26 28 35 36 38 40 48 50 51 53 55 69 74 78 83 92 97
14 23 29 35 40 42 51 55 63 78 85 86 92 94 95
4 6 7 8 9 11 15 17 21 23 29 35 36 38 40 44 46 47 51 59 61 62 63 69 71 81 85 87 89 90
3 9 11 12 14 23 26 36 46 48 62 67 68 69 86 87
8 14 16 34 36 43 47 48 52 62 72 73 83 85 86 98
0 4 8 11 14 20 25 26 28 38 46 48 63 69 72 73 97
3 11 19 28 29 31 38 41 43 49 62 63 66 69 72 73 76 81 83 86 87 90 97
3 6 14 24 28 29 38 48 55 62 68 73 74 92
3 4 12 13 14 18 26 28 35 36 38 51 52 53 60 62 63 66 67 71 76 78 80 86 87 90
3 17 28 38 39 42 46 49 51 53 66 69 78 81 83 85 86 87 89 93 95
9 10 23 28 33 34 36 38 39 45 51 52 62 63 70 71 72 78 79 80 81 85 86 87 93
3 5 10 11 12 14 17 28 32 34 36 38 41 43 46 63 69 70 72 80 81 83 86 90
0 21 48 57 63 67 69 72 76 81 87 95 98
12 28 29 36 38 53 67 89 93 97
0 3 10 11 14 28 35 36 41 43 48 57 60 61 66 73 76 81 91 95 97
0 3 8 10 18 22 24 28 33 38 40 42 63 73 78 83 87 90 92 93
1 6 8 11 19 23 28 38 40 43 44 46 57 61 62 63 85 87 96
3 6 8 11 15 21 22 26 27 28 29 34 38 40 41 51 63 69 70 71 78 80 81 83 87 93 97
7 8 10 12 29 33 36 38 39 41 47 49 55 63 69 71 73 78 80 81 87 89 90
28 33 36 38 47 48 52 57 59 63 66 67 71 74 85
3 20 26 29 36 38 55 57 62 70 97
7 9 14 19 27 28 29 32 36 38 39 41 42 43 54 61 63 67 69 70 71 72 80 85 86 87 88 93 95 97
8 9 14 19 26 28 34 35 38 47 49 51 53 61 63 66 67 73 81 83 87 88 97
8 11 14 17 21 23 24 28 31 35 36 38 42 48 60 61 62 63 67 69 80 81 87
8 14 26 28 29 35 36 38 48 59 68 69 71 72 85
4 5 7 8 13 17 18 19 28 38 42 48 51 61 63 70 74 81 85
3 12 21 31 33 38 42 47 48 49 51 63 68 69 78 81 83 87 88
4 9 14 19 21 28 36 38 42 43 47 49 63 66 67 69 71 78 80 85 88 90 92 94 99
8 11 14 17 23 26 29 35 36 42 48 51 54 60 63 78 86 93 95 97
3 7 8 9 19 23 34 35 38 40 42 62 66 80 86 87 95
9 14 22 28 33 36 38 43 48 52 54 55 60 61 62 63 77 83 86 87
0 3 8 9 11 17 21 26 28 38 40 43 48 52 53 63 66 67 70 71 83 85 86 87 96 99
5 6 20 36 40 49 60 66 69 71 72 78 81 83 85 86 87
0 3 9 10 29 38 39 42 43 60 63 67 70 71 72 76 80 81 83 85 86 87 89 93 98
7 8 9 29 36 38 39 42 45 48 51 52 53 59 62 63 67 69 71 73 78
4 7 9 14 17 25 29 31 35 36 38 39 43 47 48 50 60 62 63 67 70 71 73 80 81 83 85 87 89 93 95 97
10 11 17 18 20 28 38 51 61 67 69 83 87
3 9 11 13 14 22 33 35 47 50 61 62 63 69 71 76 78 80 89 98
3 8 28 29 35 48 49 50 52 63 69 74 80 85 93 96 97
7 8 14 23 28 32 36 38 39 41 43 47 49 53 61 63 87 96 99
0 9 11 14 26 28 29 36 39 44 45 48 51 63 68 69 76 86
7 8 11 12 13 23 25 28 36 38 43 51 53 54 63 67 69 72 73 74 88 89 91 93
8 9 11 12 22 33 36 42 47 63 66 74 78 85 87 89 96
0 8 11 12 14 17 18 28 29 42 43 45 47 48 55 62 63 66 69 71 98
5 6 8 11 17 21 33 36 38 39 51 61 68 69 71 78 85 86
11 14 28 29 32 61 67 69 86 87 88 89 97
2 3 6 8 14 15 18 23 28 29 33 35 38 46 47 50 62 66 67 69 73 76 85 87 90
3 4 5 8 11 13 19 24 28 29 34 35 36 38 40 43 51 60 61 69 72 73 74 83 87 93 98
4 6 8 9 11 18 20 38 45 46 50 61 63 66 67 68 69 71 75 78 81 83 87 94
5 6 9 11 12 13 14 17 33 36 38 52 53 70 74 80 81 85 93
9 33 35 36 38 44 46 48 53 63 69 85 87 89
7 9 12 21 28 35 36 48 49 52 61 62 63 69 76 81 85 86 87 88 93 99
4 5 7 8 9 11 12 21 35 36 38 40 41 43 45 47 49 67 87 98
3 5 7 8 9 10 21 28 36 38 41 42 48 49 51 54 60 63 64 67 68 80 81 83 86 87 89 98
9 23 29 36 39 41 60 61 63 79 81 83 86
3 13 14 22 36 38 40 47 51 61 67 70 83 86 87 99
0 3 10 11 17 23 31 33 35 36 42 51 63 87 94 97
10 11 18 19 35 36 38 48 63 67 69 77 80 83 89
8 10 17 19 21 33 36 38 39 47 48 51 60 62 63 69 71 72 73 78 80 81 85 87 91 96
3 29 48 56 78 79 80 89 97
5 8 9 10 24 38 45 47 51 59 61 63 67 71 73 81 87 98
1 7 8 14 15 17 29 34 35 36 38 43 51 62 63 67 69 70 72 74 79 80 81 83 85 86 93
0 4 5 8 10 11 14 20 22 26 34 36 38 39 40 41 43 45 57 62 63 69 74 75 81 93 97
3 9 10 17 21 23 26 28 39 46 56 57 62 63 69 71 74 81 86
4 9 14 15 28 29 36 46 57 63 69 74 80 83 86 90 98
3 8 14 17 19 25 28 35 36 40 42 43 49 50 55 61 63 67 69 70 73 80 81 86 87 97
0 8 12 23 29 35 38 48 51 60 62 75 85 86 87 89 92 95 96
0 17 25 29 35 38 39 42 47 69 71 78 81 86 87
0 5 6 7 41 48 49 61 68 80 83 85 86 87
3 10 11 12 19 21 26 36 38 40 47 48 49 57 63 83 86 91 93 96 98
0 11 17 29 33 40 42 44 45 48 51 62 63 66 69 71 73 80 86 95
8 14 18 25 38 42 43 49 52 63 66 67 69 74 75 76 78 81 86 89 96
3 8 11 14 32 36 40 42 43 47 63 67 69 71 72 76 77 86 87 92 98
3 13 29 36 39 41 43 61 63 67 69 80 81 83 85 92 97
9 12 14 18 36 38 63 73 78 80 81
3 8 9 14 19 26 36 38 49 55 61 62 66 73 80 81 87
0 4 17 21 22 23 24 27 33 38 40 48 50 52 63 69 80 87 90 95
3 4 7 12 17 18 20 21 22 23 24 26 28 36 39 41 43 52 63 69 79 80 83 85 87 93 97 99
8 9 10 19 25 26 29 36 38 39 45 47 48 63 68 70 73 80 95 99
3 20 33 36 67 78 80 83 85 87 93
3 4 5 7 8 14 29 34 36 39 41 43 47 49 63 73 78 80 81 85 86 94
6 10 17 19 22 29 31 34 35 36 38 46 51 63 68 69 70 87 96
3 7 8 11 14 16 20 21 22 24 25 26 28 29 36 38 42 48 52 53 59 63 67 73 76 80 81 85 87 95
0 3 4 5 8 9 12 14 20 21 26 36 38 45 47 52 54 61 62 63 69 73 87 89 92 97
0 3 8 9 14 17 18 21 28 38 48 49 61 62 63 69 72 75 83 87 93
0 6 8 11 14 17 19 20 28 35 43 48 63 67 69 71 77 78 80 85 97
3 19 21 24 28 36 39 41 48 49 59 62 63 64 66 67 69 81 83 87 93
0 9 17 28 35 39 40 42 51 67 85 86 93
3 8 10 28 29 36 45 47 48 56 60 67 70 72 78 79 80 89 93
0 9 10 14 19 39 49 52 61 63 69 81 85 87 93
8 9 14 17 36 38 40 49 51 61 62 63 66 67 70 72 73 75 81 83 85 87 89 92
4 8 11 22 23 29 34 36 38 47 48 55 66 67 73 80 81 87 90 98
9 11 17 19 36 38 39 42 48 51 59 62 63 67 70 74 81 87 89 93 95 96 97
3 5 7 11 14 17 25 36 40 45 54 61 63 67 68 70 74 85 89
3 9 16 17 24 26 28 34 36 39 42 48 51 62 63 68 73 78 81 97
6 8 9 10 11 14 19 28 36 49 62 63 66 74 78 80 81 83 87 93 95
4 7 8 9 11 18 26 27 28 29 34 35 38 43 47 60 62 63 66 69 70 73 74 78 85 87 93
35 38 40 43 44 47 52 71 73 80 85 87 92 93 97
11 13 14 17 28 36 40 49 52 60 61 63 66 67 68 69 71 78 97
3 17 45 62
9 15 23 28 33 36 38 48 52 61 67 69 71 80 81 87 88 90 93 95
3 8 10 21 23 28 30 33 35 36 38 39 40 43 44 47 63 66 69 71 72 76 78 80 81 85 86 87 96 97
3 8 10 20 23 36 38 39 44 45 52 55 57 69 76 79 82 85 87 89 99
11 17 28 31 36 47 48 49 60 69 85 87
3 7 14 18 25 35 36 38 40 43 48 51 52 67 72 73 80 87 88
0 3 6 8 10 11 13 14 17 18 34 35 38 39 63 66 69 70 71 74 81 83 85 89 94
7 8 10 21 23 34 38 49 63 67 71 75 83 86 87
4 11 17 28 29 33 36 38 40 47 50 52 53 62 63 67 68 69 71 72 73 74 81 85 86 87 95
10 14 15 19 21 23 28 36 38 43 48 60 61 62 63 69 72 73 76 78 80 81 85 89 90 93 95 97 98
3 9 21 22 28 29 35 36 38 42 43 45 48 49 59 63 67 69 76 81 95
2 3 5 11 14 28 36 40 41 42 47 49 51 57 59 63 70 85 97
3 5 9 11 17 21 25 29 35 36 38 47 52 63 64 67 69 72 73 80 87 88 95 98
3 4 6 9 10 16 17 31 36 48 51 52 62 63 69 70 72 83 88
1 7 8 14 17 18 23 28 29 36 40 45 47 48 52 61 62 67 69 81 83 86 89
3 7 8 9 10 17 28 34 36 38 39 40 42 45 48 61 63 70 74 81 83 85 87 89 97
3 7 9 11 17 28 29 40 47 52 57 63 68 72 77 80 88
0 3 4 8 11 12 13 26 28 29 34 36 38 48 49 51 61 62 69 72 73 78 87
4 10 12 14 28 33 38 41 46 47 48 51 60 68 71 77 83 85 89 93 97
1 3 7 8 10 20 21 23 29 38 43 46 47 48 52 62 67 69 70 71 72 73 82 83 86 87 89 93
3 8 11 17 18 28 34 36 38 40 48 55 57 63 67 69 71 72 73 80 81 83 85 86
5 7 13 18 26 29 31 33 39 47 48 49 50 60 63 81 83 87 91 93
2 8 12 21 22 26 28 29 35 36 38 40 41 49 62 70 80 90
4 8 23 36 38 39 61 62 63 74 76 83 87 98
11 17 21 28 36 47 52 61 63 74 80 83 86 87 90 93 96
8 9 10 23 24 38 45 48 52 63 66 67 70 73 87
5 8 9 21 23 25 26 38 39 40 42 43 46 48 61 62 63 69 71 80 85 97
0 3 7 9 11 12 14 19 23 25 36 38 43 47 51 63 69 72 83 85 86 87 90 92 97
11 21 22 25 35 36 38 42 50 63 69 71 77 81 87
8 25 28 30 38 43 46 47 48 50 51 66 69 73 80 86 87 92 93
0 6 11 14 17 28 34 36 38 48 63 66 67 70 81 87 93
4 9 10 21 26 38 40 43 47 51 54 60 61 62 63 66 72 85 88 89 91 99
9 17 29 39 41 42 59 63 67 68 69 71 73 86 93
7 21 28 29 35 36 38 50 55 62 63 69 71 80 83 87 89 93 95
0 14 21 28 33 34 38 52 53 62 63 66 80 81 86 87 93 95
9 11 13 20 23 24 26 28 29 33 35 38 47 48 49 51 59 60 61 63 66 67 73 81 85 86 87 89
17 18 21 28 33 38 47 51 52 60 67 71 86 87
8 23 31 36 39 48 53 57 62 69 80 85 87 97
3 7 17 26 35 38 39 40 42 45 47 48 63 67 68 71 78 83 87 89 93 95 97 98
5 7 9 11 33 36 38 39 43 48 49 51 52 62 69 71 78 80 81 83 87 89 93 95 96 98
9 10 11 21 24 26 35 38 60 63 71 77 78 81 86 87 95
7 8 17 19 28 32 35 36 38 43 48 52 61 69 74 78 80 81 83 87 89
3 12 23 24 38 40 45 48 60 63 66 67 69 70 77 78 85 87 92
4 5 6 8 9 13 17 21 23 27 29 33 40 42 47 48 60 62 63 69 83 85 87
3 11 12 14 21 31 35 38 41 43 54 60 66 67 70 72 79 80 83 87 93
8 9 22 33 34 38 41 42 43 51 62 68 69 83 85 86 89 94
12 14 36 39 43 55 61 63 67 69 87 94 97
3 7 8 11 17 18 36 38 51 63 66 69 73 81
0 6 7 8 14 16 21 26 29 36 39 49 66 69 70 72 73 81 86
3 5 8 9 17 18 21 29 33 35 36 38 40 42 52 61 63 66 67 68 71 84 87 95 97
6 7 9 11 14 17 19 22 25 28 29 33 39 52 53 62 73 75 80 85 94 95 97
3 8 12 14 27 28 36 46 48 51 69 83 85 86 87 97
0 3 4 7 13 15 27 28 29 36 38 43 49 62 63 67 69 71 72 80 86 87 94
11 13 35 38 39 48 62 63 67 74 81 83 85 87 89 93 97
7 8 9 21 22 28 36 38 40 42 47 53 61 62 67 69 71 72 74 76 87 93 98
9 11 13 14 17 21 22 23 24 26 28 29 33 35 36 38 39 47 48 49 53 54 62 63 70 71 72 73 87 90 93 97
14 19 28 39 40 49 50 60 73 81 83 84 85 87 93 97
1 16 23 28 29 35 36 38 40 42 43 46 48 50 51 53 61 63 70 73 78 85 86 87 89 92 93
3 5 7 20 25 35 38 39 48 52 62 63 67 69 75 78 85 87 89 95
0 3 9 11 14 26 28 29 31 36 39 40 42 59 61 62 74 83 86 87 93 95
8 21 29 39 57 68 71 72 79 85 86 87 89
7 8 21 28 29 36 38 42 47 51 60 63 69 73 78 81 86 87
9 13 18 24 26 28 29 36 39 47 67 68 69 80 89 97
3 8 25 35 38 42 43 60 63 67 71 80 85 87
13 17 27 38 40 52 55 61 62 67 69 73 74 78 86
6 12 17 18 22 32 35 36 38 39 40 48 61 68 70 78 80 81 85 87 88 89 93
3 4 5 7 8 9 17 18 23 24 25 34 35 38 39 43 45 47 55 59 63 67 70 78 80 85 86 87 89 92 94 98
0 6 8 9 20 21 23 27 29 35 38 39 40 47 48 66 72 73 74 80 86
3 8 10 21 29 35 36 38 45 48 51 62 63 67 69 73 81 85 86 87 89 93 97 98
12 14 21 24 33 36 38 67 68 70 78 80 92 93 99
8 9 10 13 18 29 36 38 40 47 52 59 63 80 81 83 93 95 99
0 3 11 12 16 17 18 19 21 26 28 35 36 38 40 43 44 50 59 60 63 66 72 78 81 85 86 87 92
3 8 14 21 23 25 36 38 48 50 62 63 68 72 78 80 81 87 90 92
4 5 9 11 12 14 16 17 18 21 39 40 41 44 47 48 61 63 67 72 73 79 80 81 87
8 13 29 31 36 38 47 48 49 53 63 74 78 80 81 93
8 9 11 17 21 23 25 33 36 39 48 52 57 61 62 63 69 72 76 78 80 81 85 98
0 5 7 9 11 17 21 22 25 26 35 38 39 47 49 63 66 68 69 70 78 80 81 86 87 92 94 97 99
4 7 8 11 17 21 28 38 39 40 59 60 61 62 63 66 68 83 85 87 95 98
0 20 25 28 34 36 46 49 51 67 69 72 78 86 89
3 12 14 19 28 29 34 35 38 39 40 42 43 45 47 53 55 59 60 61 63 69 70 72 78 81 89 93
3 8 10 11 13 17 18 36 39 40 63 67 68 70 72 80 81 82 87
8 9 14 18 19 22 25 36 38 43 46 48 49 61 72 73 81 83 93 97
3 7 8 11 33 38 40 41 43 46 48 51 60 63 69 72 78 81 85 87 89
2 3 17 21 22 29 35 38 43 51 62 63 71 74 80 83 85 88 90 97
8 23 33 36 38 43 45 47 48 57 59 61 63 69 74 77 87 89 93 97
11 14 34 36 38 43 49 51 53 61 62 63 66 67 68 70 71 74 81 85
3 17 18 26 28 29 52 60 63 68 74 80 83 85 89 90 93 94
8 23 38 39 43 47 48 49 51 59 60 61 62 63 71 72 78 80 83 85 87 89
7 16 17 18 23 36 38 39 67 69 71 75 87
8 11 12 13 17 25 38 41 63 66 69 72 73 75 78 79 87 93 97
6 17 23 24 36 38 43 48 51 53 63 69 71 87 88 89 99
7 8 9 21 23 26 27 28 36 42 45 48 52 62 63 71 72 78 97
3 5 7 9 21 28 31 34 44 47 48 51 60 61 63 74 78 83 96
5 11 28 33 36 38 47 48 57 68 69 73 81 87 98
3 14 28 29 36 38 39 43 47 60 61 70 72 78 80 81 83 87 89
3 8 9 13 33 36 38 43 46 51 60 61 62 63 68 69 78 87 90 97
6 8 9 10 14 15 17 33 38 47 48 55 62 63 66 77 78 80 83 85 87 93 96 99
2 4 7 11 13 20 21 22 27 29 34 38 40 41 61 63 66 67 69 70 74 80 81 85 87 94
9 10 14 34 48 57 63 68 69 72 73 74 79 80 85 92
5 6 8 9 14 36 38 44 48 50 63 68 69 72 81 86 87 89 95
9 11 17 20 21 23 24 36 38 39 41 43 47 66 67 68 73 78 80 81 85 87 90 98
3 11 12 17 23 29 33 38 55 62 63 69 78 85 87 93 94
8 11 17 19 24 38 40 42 43 47 50 60 61 62 63 66 68 69 87 90 93 96 97 98
3 9 15 17 21 29 36 38 40 51 60 62 63 67 77 78 80 85 87 89 95 97
1 8 11 16 19 23 25 35 38 48 61 62 66 69 71 73 74 81 83 85 86 87 95
3 19 28 29 33 34 36 40 67 69 72 80 88
9 10 14 21 24 33 34 35 38 42 43 53 57 60 63 67 68 69 74 80 85 86 87 88 97 98 99
3 7 9 12 17 21 26 34 35 36 48 49 53 63 66 74 75 80 83 85 87 89 93 96
3 9 17 26 38 39 43 46 47 48 69 70 80 83 87 93 95 96
8 9 10 11 17 21 31 36 38 41 43 48 61 62 80 85 87 99
1 3 11 14 28 29 38 39 43 47 60 63 67 71 72 87 90 93 95
3 6 7 11 17 22 26 28 33 34 36 43 48 68 80 81 85 86 87 89 93
3 17 33 36 38 49 51 60 69 72 76 80 84 85 87 93 95
14 19 21 26 28 33 34 38 45 51 60 62 63 71 73 78 80 83 88 89 93
5 11 17 21 25 27 38 43 47 59 62 74 87
3 4 7 9 17 18 19 33 36 38 47 51 62 63 73 81 85 86
3 6 8 11 16 17 18 21 28 29 36 38 39 42 43 48 57 69 71 74 80 83 88
8 16 17 19 22 25 28 33 34 49 50 51 52 60 61 63 67 69 79 89 92
8 9 10 17 26 34 36 38 39 43 48 51 52 54 62 63 68 71 73 85 87
5 28 38 52 62 70 73
0 3 8 9 10 11 15 17 18 19 21 23 26 28 36 38 42 45 53 61 63 66 68 71 72 81 83 87 89 92
42 52 54 59 62 63 66 68 69 78 83 85 86
5 9 11 14 23 24 28 31 38 39 40 41 52 54 59 60 61 69 74 76 78 79 87 90 95 97
5 21 25 26 28 29 38 45 59 61 63 68 78 86 87 94 95
3 17 21 26 28 29 31 38 59 63 71 73 80 87
3 7 8 10 11 13 14 16 17 29 31 33 35 36 39 47 48 50 52 70 71 72 74 86 87 93
4 9 28 33 38 49 53 63 69 71 78 80 84 87 98
5 8 14 17 21 22 28 38 39 48 51 52 53 59 72 74 85 86 87 89 92 95 96
0 8 11 14 17 23 33 34 35 36 38 40 43 47 48 49 63 66 67 68 69 74 78 80 85 87
1 3 10 12 19 21 24 26 36 39 43 48 51 55 61 66 69 78 81 91 93
0 7 8 13 17 19 25 27 28 34 36 38 40 47 51 52 59 63 78 80 83 87 89 92 95
3 11 26 28 29 31 38 44 49 60 67 69 78 83 86 87 93
0 8 11 13 14 17 24 26 31 34 35 36 38 43 45 49 69 70 72 73 80 87 89 91 98
5 7 8 10 11 14 20 25 28 29 35 38 43 49 51 61 62 63 67 68 69 80 81 85 87
4 5 12 14 17 18 19 20 28 31 39 45 48 49 66 70 74 78 80 83 86 87 91
3 4 6 8 10 23 27 29 46 48 49 50 52 53 63 66 69 71 72 74 78 83 86 90 90
