23 31 136 146 155 176 221 222 240 246 247 259 274 284 292 296 314 318 322 326 360 368 388 399 420
14 21 26 39 52 78 139 150 173 201 204 259 265 272 316 385 400 432 444 480 481 486 493
28 34 51 69 83 89 103 186 192 193 208 213 278 281 318 353 410 412 420 425 446
33 36 40 43 73 147 160 167 169 172 176 214 220 274 281 293 318 344 420 432 482
3 4 15 28 48 49 51 61 66 86 95 107 125 155 205 221 284 297 302 316 377 432 439 472
63 81 85 168 238 371 404 422 423 490
11 21 51 52 63 69 85 87 104 132 289 293 298 299 336 368 395 412 422 455 466
0 51 60 63 97 191 274 281 339 389 403 404 456
17 26 27 76 127 147 163 185 191 216 222 260 277 288 335 360 372 389 425 482
11 40 78 123 167 199 217 219 222 347 390 403 467 482 486 493 494
3 8 14 61 119 132 188 222 233 282 322 371 374 392 409 437 442 446 451 471 490
87 127 210 213 219 222 232 238 339 353 377 402 412 418 419 421
9 18 24 71 107 127 140 148 192 209 238 248 259 283 286 287 293 306 316 318 325 395 399 419 429 437 457
18 23 29 48 66 87 118 132 154 192 201 253 259 277 278 311 325 326 414 425 464
17 29 36 38 74 89 107 118 123 127 138 154 182 201 209 279 298 300 361 419 437 472
5 9 28 49 50 63 107 118 119 127 129 137 145 209 214 219 238 283 306 318 360 399 404 414 416 439 442 472 490
33 61 87 118 124 127 170 191 210 222 238 246 292 293 300 329 360 371 385 404 444 455 460 471 473 480 490
73 81 89 100 119 127 132 137 139 154 155 178 246 293 325 371 412 419 488
63 103 138 148 166 248 278 295 318 322 326 365 371 392 432 444 493
63 89 100 123 146 204 217 219 221 248 274 347 360 364 374 420 425 467 486 493
8 17 147 175 247 319 331 338 395 399 416 418 432 457 486
33 40 87 119 146 147 152 154 159 160 167 172 199 220 231 243 277 325 353 368 395 402 423 444 456
38 80 112 143 147 160 167 191 214 236 261 325 331 388 416 442 446 464 472 477
26 61 63 87 103 133 140 222 242 247 259 316 318 321 336 371 372 405 420 429 471 480
9 10 34 36 43 62 63 100 108 112 148 168 229 291 306 353 384 387 398 412 416 425
4 36 38 69 78 117 138 140 150 163 171 192 201 209 234 277 286 316 318 339 340 356 395 424 437 467 472 482 493
12 51 101 120 142 182 231 238 281 285 316 360 374 403 472 487
9 10 11 31 38 39 55 61 81 132 159 206 227 233 241 274 368 372 395 402 404 409 432 455 472 486
3 16 28 29 48 60 117 130 163 166 178 198 221 231 335 336 371 374 377 397 412 416 431 442 465 488
14 59 63 67 80 100 117 124 152 154 191 233 346 400 416 425 432 451 482
28 34 38 63 80 103 107 111 128 155 173 191 221 273 306 385 395 405 409 415 477 491 495
39 43 55 63 67 72 73 112 123 135 142 150 174 205 231 238 274 281 336 371 400 420 442 454 477
3 25 38 53 67 71 73 90 92 112 119 123 152 154 163 176 179 188 214 231 263 286 299 300 302 352 359 398 414 471 484
106 124 127 142 160 222 234 247 259 266 377 404 423 435 436 443 469 472 481 497
9 55 61 80 96 168 188 204 274 412 420 425 459 470 472 480 481 499
9 19 66 99 104 144 147 171 176 185 215 221 284 338 371 389 399 410 453 455 472 486
25 38 83 87 93 106 111 146 147 260 338 339 353 374 414 471 486
33 34 62 69 83 90 129 151 171 201 214 216 236 238 246 300 319 324 336 352 388 399 432 451 477 485
60 86 98 137 142 147 159 164 188 238 248 254 329 354 368 412 420 472
3 11 63 106 154 168 209 246 266 274 290 298 300 307 320 353 490 492
14 43 66 107 108 117 132 146 174 180 192 212 214 247 289 297 311 354 416 443 446 455 456 481
14 63 95 112 123 124 132 176 178 234 247 257 290 360 387 437 480 490
11 35 39 74 87 98 101 140 148 178 209 213 238 283 284 405 472 495
29 33 47 62 63 71 81 118 127 135 150 155 188 192 221 240 303 306 430 446 454
21 36 85 96 104 132 141 188 289 293 339 359 374 379 395 425 445
3 14 16 28 48 62 119 123 140 224 238 277 289 325 416 439 443 445 456 487 491
17 18 55 68 104 123 146 169 210 221 222 259 322 334 344 347 372 374 402 404 431 441 446 472
8 18 33 78 107 108 109 116 132 139 146 160 169 170 179 214 247 280 319 336 344 374 414 416 419 432 442 459 497
24 63 96 117 132 145 182 191 238 242 350 360 418 455 471 484 487
28 33 63 101 102 118 119 137 168 192 193 210 219 231 325 344 359 374 402 439 463 473 483
35 36 49 63 86 87 120 138 247 289 325 377 387 405 471
29 38 53 55 61 71 144 150 170 289 311 321 329 353 360 419 428 444 471 484
4 8 20 68 104 123 132 168 170 246 258 274 289 295 303 337 374 382 413 423 444 477 493
36 62 63 67 72 80 122 139 147 157 161 201 208 212 224 226 241 247 307 377 383 397 415 416 446 488
79 85 127 138 160 170 175 185 192 241 277 291 311 430 437 444 480 490
3 21 42 61 63 68 103 119 217 238 266 336 403 410 439 496
11 33 76 80 117 118 137 148 167 188 189 224 312 374 387 395 404 477 487 492
8 9 29 94 95 106 138 179 217 238 284 289 293 318 360 367 371 383 399 456 459 481 492
47 70 108 114 171 172 190 294 346 402 471
3 8 28 61 63 67 100 111 132 154 200 222 268 338 420 432 486 491
25 33 36 38 40 70 81 85 87 115 127 148 183 198 221 309 318 326 331 371 377 432 455
14 25 35 40 87 147 231 281 286 307 319 322 328 335 354 413 418 424 431 432 451
9 29 80 98 117 136 188 213 216 233 238 259 335 346 432 444 486
61 85 111 119 124 150 168 222 236 261 293 371 378 412 437 445 461
9 26 36 72 87 97 125 147 184 209 237 246 259 260 319 330 336 371 377 405 420 423 432 437 443 473 486
8 61 86 96 201 214 246 374 451 482
22 36 81 85 100 116 151 154 207 219 221 231 236 248 300 371 446 490
11 13 28 39 69 73 95 140 148 150 247 283 320 384 395 437 442 463
11 21 26 38 43 48 81 106 108 140 145 171 202 238 248 274 277 322 327 416 418 420 435 456
8 10 17 49 69 87 97 112 117 128 130 147 166 170 172 192 278 286 300 336 377 413 480 488
52 61 63 118 121 127 190 281 287 364 444 456
8 35 43 90 116 126 132 135 222 240 248 257 306 367 368 372 471
25 29 36 63 87 101 188 192 214 234 247 252 281 338 381 404 483 484
21 27 36 40 53 112 179 202 231 248 300 302 326 339 359 368 412 420 422 429 448 490
23 30 43 67 69 81 87 96 123 132 138 150 211 226 233 246 281 325 328 344 412 416 423 442 443 456 492
27 36 68 70 85 109 118 124 231 245 328 359 378 395 400 488
33 43 63 67 95 100 107 121 200 201 227 281 318 416 420 436 469 491
79 87 100 142 152 192 213 221 353 360 371 375 402 425 432
9 25 42 69 78 81 208 214 221 234 311 318 344 353 374 375 400 419 422 424 484
11 23 40 80 85 92 133 137 144 217 219 222 318 346 347 371 392 402 467 483 493
63 85 125 202 204 247 293 299 371 375 412 418 462
11 21 38 112 117 172 201 209 212 221 238 266 277 306 344 367 374 400 448 480
0 12 29 73 116 149 150 190 402 438 450
33 48 87 93 100 107 109 126 201 237 259 281 302 337 344 348 360 364 386 402 404 439 456 484
11 16 26 28 36 94 158 203 277 331 350 362 410 455 472
11 26 31 52 76 127 136 140 154 259 272 368 418 422 446
27 63 92 106 132 133 140 148 150 191 226 255 259 278 318 359 371 401 453 463 471 493
17 60 67 69 72 90 107 124 146 149 190 193 213 235 306 316 340 360 375 395 442
39 90 139 146 158 289 306 322 329 330 395 425 442 444
31 39 62 72 78 87 95 101 117 142 155 156 222 235 246 255 281 300 319 322 326 356 363 371 424 428 430 456 472 481
8 9 67 87 100 119 123 132 168 212 221 246 293 307 334 444 477 488
69 117 127 132 146 160 221 231 234 277 299 353 388 414 417 419
23 25 32 106 124 144 159 246 286 336 399 444 456 478
6 23 69 72 80 102 116 123 142 160 179 188 245 252 283 284 293 306 318 319 328 360 389 405 409 414 416 438 477
35 46 69 159 169 178 259 289 318 337 364 402 428 430 435 464
14 21 29 35 48 55 61 137 149 159 160 182 190 199 274 399 402 406 420 463 487 493
26 47 63 68 69 72 150 192 217 263 277 285 293 339 374 375 379 414 441 447 456
10 25 34 51 87 102 123 229 235 295 334 337 357 404 405 432 456
29 38 77 95 116 132 171 178 191 204 209 224 283 400 414 444 471 493 495
8 9 48 102 106 116 132 144 154 169 192 210 222 259 267 289 325 339 368 371 374 385 409 412 484
25 30 38 49 61 89 106 117 119 137 146 168 171 186 316 319 329 371 373 377 402 420 465 471 497
17 78 81 85 104 192 250 259 267 336 417 429 430 463 486 488
4 8 66 170 185 219 240 247 259 367 471 482 485
3 29 44 63 69 88 100 113 135 170 173 183 188 221 246 261 300 442 480 483 497
3 22 62 73 106 109 150 155 171 179 205 213 221 293 303 306 326 354 377 382 412 438 456 491
8 21 38 109 117 125 150 163 180 209 221 274 284 327 336 337 399 402 439 446 456
36 101 208 219 221 236 248 255 284 289 318 325 360 371 398 430 480 481
34 55 109 124 213 269 293 376 432 461
66 87 128 132 148 158 169 186 188 190 222 273 316 377 382 405 439 444 456
3 28 40 67 74 97 136 137 204 222 231 289 318 325 330 405 412 422 439 443 445 451 456 482 487
81 102 106 120 132 139 163 169 176 197 219 259 318 354 363 366 368 385 387 409 412 416 419 420
8 9 10 49 69 148 150 170 192 229 238 248 293 341 374 377 432 442 443 473 491
7 13 26 76 85 117 127 156 163 170 179 185 216 248 260 288 306 316 351 374 488
18 63 85 107 127 140 148 154 155 221 243 246 287 316 318 326 399 412 439 487
11 27 31 78 80 122 136 147 148 234 246 286 291 307 331 359 368 423 479 480 490 497
3 42 97 108 124 146 152 197 222 272 300 371 403 405 417 463 493
20 48 66 87 96 133 138 201 210 215 291 305 328 340 347 360 378 385 418 445 471 492 495
8 34 39 66 116 123 148 163 201 202 209 212 238 274 348 379 395 412 414 416 426 443 446 463 480 495
8 9 17 26 69 72 139 170 186 192 209 214 242 246 248 263 319 374 377 420 439 459 482 492
8 21 29 38 83 132 144 182 222 274 277 371 374 402 437 439 442 479 480 483 492
1 21 28 48 49 69 73 95 100 117 125 150 221 385 402
21 29 42 87 127 132 144 166 170 178 179 191 204 208 222 274 368 400 405 455 459
8 28 42 89 100 116 127 150 179 214 273 293 304 432 485
33 43 45 63 107 124 169 182 215 220 221 230 240 247 353 488
55 108 167 168 190 209 214 227 247 260 281 339 395 418 428 431 471 478 490 493
51 62 78 127 139 171 179 219 222 248 320 371 439 441 445 462 480
14 28 50 67 89 116 145 222 281 320 326 328 371 375 397 416 474 480
29 38 51 101 107 124 137 154 168 170 191 318 344 353 368 402 405 439 463 477 480 497
3 9 47 52 67 87 117 127 233 267 277 287 293 330 350 353 371 400 425 432 438 490
39 63 87 98 101 117 118 132 146 148 169 178 222 238 247 259 328 336 340 402 445 472 481 495
27 38 60 72 76 106 107 127 151 154 167 184 191 208 227 233 258 322 362 385 388 399 478
78 221 283 316 337 360 402 420 473
11 51 69 127 133 137 148 212 259 300 306 321 353 360 420 423 446 490
11 62 116 138 139 150 166 179 183 221 243 285 299 306 316 338 360 418 425 444 484
22 34 73 106 147 148 150 221 246 248 283 291 339 371 399 404 412 419 444 471
17 31 85 99 104 108 170 188 232 238 287 316 318 328 473
38 43 51 67 81 101 106 132 138 155 202 228 238 242 277 289 416 439 443 456
3 10 38 40 85 124 125 127 148 154 170 209 221 231 255 267 293 326 359 360 371 383 404 420 438 444 446 457
21 36 38 53 63 89 119 127 142 154 155 169 178 289 318 319 334 354 387 409 419 432 456 482
73 85 95 185 193 289 403
1 61 69 124 128 131 152 170 283 309 311 318 382 402 490 493 497
29 83 107 132 326 331 402 477 480
48 132 189 199 218 246 390 409 415 456 472 495
3 18 39 61 90 117 118 154 187 222 238 325 371 418 437 442 459
11 38 75 124 127 214 217 229 241 266 300 330 358 364 402 418 437 446 449 469
6 38 85 101 127 129 132 139 147 159 169 296 319 335 372 403 405 422 436 444
117 125 227 293 318 328 360 389 396 402 405 429 471
3 63 81 102 106 123 137 140 169 222 248 255 285 292 359 364 385 396 415 448 477
87 180 292 298 354 374 412 418 439 440 444 446 456 459 460 478
13 17 127 131 139 167 191 192 221 227 238 240 330 335 359 372 401 402 424 431 432 493
3 11 14 38 61 63 69 73 77 117 119 123 150 198 222 255 287 316 319 326 336 387 400 402 471
47 69 95 101 137 142 154 168 203 209 222 274 353 403 405 418 420 435 444
3 29 43 95 101 163 203 221 222 238 258 267 306 318 319 331 341 377 389 416 419 439 444 478 487
36 46 85 89 94 100 188 190 193 241 259 289 357 412 437 443 455 472 491
11 23 35 146 150 190 222 263 266 281 283 331 336 473 478
40 43 72 89 100 108 132 163 176 192 214 240 289 306 357 368 404 437 442 487
49 51 63 81 83 85 118 123 148 171 217 221 222 238 248 272 293 353 357 360 375 403 405 441 445 446 472 492
28 63 68 138 179 221 246 274 321 333 371 374 375 437 443 477 487
6 106 123 135 140 142 145 231 246 340 400 438 439 444 481
27 29 36 45 53 66 85 90 108 119 138 179 185 198 208 217 251 282 295 423 429
9 10 11 61 67 87 146 227 233 259 274 292 325 377 432 436 455 478 486
12 38 63 69 80 185 231 234 237 247 294 297 298 300 368 402 471 477
23 36 91 132 170 188 190 306 323 335 377 420 439 443 444 486 487
23 26 57 69 80 100 118 133 137 142 150 155 163 215 229 283 307 358 368 385 389 404 426 442 444 456 466 472
16 48 60 61 155 176 182 222 276 299 300 350 353 357 386 387 400 404 449 482
17 28 48 154 220 224 277 281 335 346 423 463
8 9 29 39 42 71 127 142 145 217 238 283 306 368 371 395 399 430 448 459
57 75 109 163 206 231 240 247 261 288 300 318 328 359 374 388 397 432 443 469 486
4 8 11 29 35 63 76 121 147 148 154 155 168 209 219 221 243 267 336 395 402 418 425 473 484 490
11 28 52 53 63 78 80 83 109 112 118 158 169 213 246 281 299 300 309 319 338 371 377 395 399 418 422 428 430 437
18 34 38 42 51 76 85 120 143 176 181 255 283 300 325 412 420 437
28 36 74 79 85 95 129 138 175 192 217 222 229 240 281 344 347 363 409 412 421 437 439 443 444 446
3 33 61 69 73 89 221 243 267 277 293 316 318 325 339 380 383 419 456 472 484
3 36 87 89 100 106 112 118 123 135 169 215 224 233 274 331 340 347 402 404 405 412 444 464 481 485
7 38 62 69 125 127 150 201 210 264 270 272 289 327 330 341 377 395 417 439 440 484
42 57 60 78 87 125 157 160 195 201 252 254 266 324 330 338 347 378 431 446 477 480
23 42 61 102 117 124 142 202 238 291 322 325 337 338 360 387 404 415
7 9 34 40 81 152 185 203 213 221 231 247 283 344 374 403 461 484
28 42 52 70 102 135 143 145 173 209 229 231 236 259 350 353 354 438 442 445 446 465
29 35 47 69 70 76 81 87 89 96 129 132 139 142 150 207 246 247 248 263 281 325 371 444 446 459 472
0 27 69 85 87 92 96 106 125 132 148 188 206 219 232 234 238 246 248 258 274 281 293 300 323 325 335 368 371 374 404 460 463 473 477
14 36 63 69 83 96 107 111 123 169 247 248 272 274 360 420 442 464 486 495
0 36 45 107 123 163 200 231 266 318 359 376 377 387 460 472
7 11 21 38 40 86 92 123 403 442 486
40 47 50 80 100 140 147 152 160 170 201 209 234 259 268 278 324 325 326 337 339 402 423 438 470 480
69 124 145 170 185 219 227 255 267 432 456 484 485 486
8 36 87 106 108 179 215 224 318 331 402 403 405 411 457
7 17 43 48 59 78 86 100 107 124 127 138 170 188 247 260 273 337 368 397 402 403 405 439 444
4 21 29 40 43 107 123 160 178 191 204 221 222 246 252 281 337 400 404 412 473
11 51 60 63 160 180 221 261 280 297 300 302 306 316 318 322 325 338 368 371 372 389 400 415 446 456 474
0 17 26 70 103 107 116 169 233 287 319 377 425 429 432 439 447
43 67 69 71 104 105 127 145 168 178 227 242 267 348 439 440 481 487 493
17 21 38 147 176 188 209 214 247 274 381 404 445 446 456 459 484
7 11 23 32 80 132 142 155 183 203 263 319 325 336 368 380 459
38 49 51 100 117 119 127 176 185 217 219 259 300 326 328 344 377 402 446 449
8 78 127 138 147 154 176 181 304 316 357 380 388 436 439 442 447
18 25 40 86 103 115 127 151 163 202 216 221 248 263 300 313 336 337 356 421 444 471 477 491
17 38 81 146 150 159 161 335 366 395 405 420 490
18 36 55 74 90 160 187 203 238 252 259 261 307 325 360 388 417 439 442 449
7 26 33 83 86 101 155 159 163 221 242 249 266 281 316 318 357 377 402 436 449
6 8 69 70 83 124 127 135 167 204 238 371 486
29 55 61 86 116 124 132 170 191 261 277 318 323 325 333 374 376 399 402 442 461 471 472
44 49 85 127 191 214 222 231 299 302 377 403 435 455
8 18 63 75 78 106 132 170 181 191 192 209 212 219 222 238 259 274 318 399 420 443 467 472
0 3 11 25 96 123 126 127 141 148 150 168 188 193 246 283 291 300 313 360 392 403 412 414 437 444 449
33 87 115 127 163 188 233 274 298 359 425 432 444 486 497
3 23 65 74 87 135 155 169 192 221 247 290 318 325 330 402 412 497
10 11 63 73 87 109 178 189 222 241 289 318 368 395 432 442 455 459 471 472 486
0 8 11 27 47 72 77 109 116 182 214 252 265 273 340 360 425 473
15 80 83 87 139 146 152 163 166 171 179 221 231 238 277 286 306 335 364 414 472 488
9 47 62 100 107 123 146 167 169 289 314 384 398 442
43 66 74 90 116 127 132 140 171 176 192 214 238 240 289 316 326 335 377 404 437 455 456
3 11 13 18 38 63 90 100 127 167 187 188 204 233 334 359 387 460 467 472
23 51 72 83 123 137 147 154 210 246 259 293 318 374 388 402 404 454 490
8 10 26 31 52 123 151 193 222 227 233 238 259 274 277 306 316 336 354 374 400 403 405 429 469
27 29 69 72 132 154 188 216 219 228 233 246 331 335 389 414 444 481 486
63 69 80 100 116 132 135 142 150 222 238 252 257 280 357 360 374 376 423 469 472
8 28 38 63 85 102 117 124 125 146 168 171 174 227 231 238 290 291 337 364 398 445
17 28 85 232 263 274 289 290 324 354 364 372 418 451 453 464 481 490
28 63 67 72 85 100 106 131 132 246 248 270 290 330 356 359 364 374 397 447 461 471
0 51 62 69 85 104 124 132 140 145 146 193 201 204 221 222 229 236 247 350 377 400 404 436 438 439 440 446 455 465
11 48 63 107 138 146 166 222 240 255 314 325 392 402 421 447 472
25 35 124 150 155 163 170 188 289 309 331 403 416 472 477 493
6 28 29 33 38 62 69 104 123 145 193 209 216 233 242 252 265 281 316 356 360 366 402 426 446 459
14 36 61 66 119 222 238 281 307 322 325 328 360 371 389 399 420 424 442 446 451 455 472 492
8 28 39 40 119 120 124 146 166 255 281 282 289 293 306 318 404 416 421 477 481
1 3 74 90 109 124 127 140 192 197 216 283 309 326 332 403 445 471
154 192 268 281 346 353 368 455 463 484
9 47 94 138 144 147 179 307 359 377 403 430 434 455 472
7 9 19 39 73 81 106 144 168 169 192 246 319 338 371 387 416 486
3 21 40 42 89 107 119 123 132 161 182 188 208 209 280 283 293 306 316 360 368
3 8 38 69 71 98 137 163 172 176 217 295 357 377 396 402 424 451 477 497
43 46 87 132 135 154 168 173 176 186 207 283 316 318 359 361 444 445 447 456 490
13 43 71 81 89 105 109 138 169 192 231 260 281 289 319 367 418
35 87 123 148 179 205 238 283 284 291 306 319 322 350 360 395 403 405 416 427 432 456 486
68 80 81 100 144 146 201 222 246 261 278 428 439
28 39 43 66 106 116 123 201 202 209 246 274 395 412 437 456 492
35 70 135 189 222 287 293 308 363 377 442 443 446
35 46 49 67 70 81 94 106 107 123 135 144 170 171 214 231 281 291 336 347 368 377 392 412 416 437 438 444 471 480 495
11 87 116 143 159 160 170 183 220 252 259 273 316 339 403 415 416 453
8 13 18 40 41 63 112 145 148 191 213 222 248 274 285 299 300 318 329 359 400 432 437 448 455 471 482 484 492
10 17 33 36 38 73 104 173 187 188 203 215 236 238 274 281 299 346 387 399 402 405 412 444 486
24 38 47 94 95 169 171 178 179 274 300 309 352 358 359 374 397 405 412 416
4 48 123 150 154 155 161 168 173 183 209 255 264 279 336 353 397 402 413 439 451 482
12 29 47 63 69 118 150 154 159 221 247 297 319 387 399 402 444 472 477
25 36 38 73 81 107 119 125 139 154 220 246 267 300 325 341 346 353 366 386 412 419 423 486 487
10 14 36 69 87 117 131 132 192 219 238 343 432 486 496
9 29 47 81 90 100 117 138 150 169 171 221 222 234 292 300 337 344 445 469 481 484
17 23 33 55 67 74 120 130 300 328 350 403 405 421 486
9 39 41 63 79 85 87 111 147 159 217 231 252 353 377 380 387 412 423 437 442 443 456 463 471 487 499
13 43 77 106 132 140 214 261 281 306 318 351 366 412 431 443 471
0 48 70 83 117 168 197 214 312 385 397 480 493
8 21 28 48 49 63 69 100 132 222 248 293 299 336 386 387 395 420 422 425 436 453
10 40 47 69 103 125 127 132 139 154 221 238 258 299 309 326 334 372 385 400 416 471 481
0 36 71 81 100 116 154 206 207 213 219 223 231 234 236 255 293 300 323 359 360 368 396 412 415 425 448 490
29 38 39 131 150 192 209 224 255 320 335 384 395 420 484
36 63 73 89 101 102 106 124 169 212 227 246 274 360 367 385 397 410 415 416 419 432 459 491
36 52 61 101 148 192 205 210 274 278 303 360 387 412 432
8 25 39 40 63 89 106 116 117 120 131 132 147 166 170 171 259 310 319 321 371 377 383 404 432 486 496
5 40 63 76 104 148 155 277 283 316 338 360 377 413 422 432 492 493
9 19 49 116 147 286 293 339 368 374 442
21 29 36 51 92 111 148 150 182 203 221 235 243 261 316 336 359 378 410 422 423 429 454 472 477
3 41 119 123 176 189 222 247 259 316 366 405 432 455 463 484 486 499
36 47 109 116 154 169 280 295 319 361 397 412 418 439 451 484
3 63 69 81 112 113 149 247 260 261 319 442 463 480 482
21 23 81 100 203 255 274 283 291 306 316 319 322 346 359 375 395 396 403 420 423 425 448 454 472
17 42 140 192 210 219 230 233 309 336 359 360 367 395 432 459 486
18 40 47 69 169 215 221 247 268 273 281 286 318 326 335 353 374 379 418 432 444 487
14 67 84 106 117 147 160 171 229 232 247 291 303 328 372
14 36 42 44 48 95 101 108 112 185 222 246 260 281 293 319 322 353 369 371 389 403 472
21 34 38 55 123 147 265 379 412 446 480 495
27 66 80 81 98 99 117 139 147 152 169 179 219 248 320 335 359 371 398 416 423 445 453 462 467 482
34 36 62 69 100 106 116 154 202 207 219 231 236 300 302 335 339 357 360 368 412 414 416 420 490
14 28 33 46 96 160 166 182 188 233 274 289 318 371 385 405 425 488 495
11 35 60 69 210 237 259 276 281 306 321 330 350 491
9 31 63 67 124 150 192 211 311 353 416 437 455 492 494
25 74 85 148 154 171 298 360 405 422 442 472
5 65 74 83 146 182 222 255 346 463 482 486
21 42 63 69 70 87 100 140 199 210 215 259 281 294 311 324 326 387 397 414 436 459 484
43 77 100 150 174 293 366 443 493
3 21 29 36 85 87 104 124 172 191 204 222 233 300 319 326 328 333 354 400 484 487
17 48 63 85 103 130 138 159 166 350 365 371 392 403 416 486
38 83 85 87 89 142 144 259 293 400 445
48 63 66 67 72 123 132 135 163 209 210 242 248 361 371 374 474
0 36 38 59 145 169 173 233 283 289 294 325 348 371 377 378 428 473
14 29 63 87 91 100 117 143 169 170 179 198 231 238 247 248 299 300 325 360 368 413 415 438 439 472 493
23 39 62 95 132 158 167 178 219 231 263 286 292 293 375 437
26 36 60 63 101 127 135 167 168 170 192 214 221 236 289 328 331 333 371 423 427 438 456
8 38 44 61 70 190 238 259 299 311 322 325 339 360 492
17 40 63 69 73 85 90 104 170 192 206 235 241 247 300 318 326 330 471 488
38 128 182 192 210 221 222 243 316 323 325 331 336 377 399 400 421 444
14 36 47 71 85 87 97 101 116 130 136 158 160 169 192 213 227 247 289 318 350 389 405 417 437 453 481
23 53 74 129 135 155 316 344 395 416 423 447 451 459
38 43 80 81 100 106 150 169 202 204 222 274 277 335 456 464
38 42 86 87 92 138 178 210 277 287 292 319 368 414 415 430 490
28 63 70 83 112 142 147 188 222 232 246 263 289 324 326 388 471 481 491
52 68 87 90 112 123 163 168 231 246 247 263 283 289 293 344 402 412 471 484 487 491
85 87 100 110 125 132 154 202 242 247 273 289 299 315 374
11 36 69 73 81 117 123 147 150 330 353 360 385 402 443 480
8 28 40 185 192 221 247 258 261 297 306 318 377 389 395 403 405 416 430 434
34 59 62 66 78 79 93 172 190 210 222 230 291 302 374 412 438 456 471 490 497
3 48 68 73 83 85 117 160 163 217 252 263 293 374 416 471 479 480 492
23 83 112 117 124 146 238 247 416 444 445 472 479 492
11 47 48 93 128 192 319 336 377 400 479
11 28 43 51 96 135 150 154 182 214 221 238 281 284 287 293 306 360 368 372 395 403 436 462 468 497
8 39 48 99 117 119 120 124 144 152 154 188 213 215 216 246 269 274 281 400 481
8 10 60 63 85 112 123 125 170 192 193 233 261 389 400 401 403 404 418 469 480 492
36 49 74 97 136 147 204 207 246 247 258 277 289 314 380 387 403 412 455
4 11 21 29 35 43 89 119 125 129 143 166 170 183 220 221 248 273 281 283 293 318 322 326 338 339 350 377 439 453 487 491
39 47 67 70 72 83 87 124 127 167 171 204 222 339 353 371 397 418 442
13 14 38 51 81 100 102 210 220 263 281 300 374 395 405 463 464 490 495
43 77 170 366 405 443 471 490
36 72 102 131 168 192 221 231 259 267 277 300 307 319 335 341 372 398 404 444 446 471 487 490 492
62 72 149 154 209 222 300 335 360 472 473
14 36 48 63 68 72 111 125 159 241 272 299 300 416 444 474 487
25 52 68 69 70 72 83 123 135 216 221 222 246 287 403 409 483
36 61 80 116 117 120 144 147 163 166 171 210 232 246 274 326 371 374 400 416 421 442 459 477
23 63 123 136 148 182 222 274 285 292 316 322 327 351 357 368 402 420 439
8 55 61 63 68 87 89 144 184 233 235 289 317 325 326 416 485 491
9 25 38 63 117 132 144 160 189 215 221 258 275 289 325 326 328 335 359 360 372 391 395 402 419 420 423 432 438 439 446 477
3 28 39 42 43 91 108 188 221 246 266 293 331 339 344 353 374 399 423 425 456 487
17 23 40 55 120 152 182 185 201 203 222 240 289 298 299 300 302 328 357 405 412 420 421 439 455
23 31 38 66 72 97 155 183 222 238 293 299 303 318 369 417 420 495
63 118 127 132 155 216 246 293 322 374 421 444 446 472
51 111 123 137 147 150 190 282 404 460
25 36 52 63 85 86 94 125 195 243 260 266 303 346 386 409 477
9 17 21 40 123 152 186 259 261 289 319 337 344 359 374 402 412 447 490
65 66 69 81 87 132 188 215 224 316 331 374 377 387 395 402 405 411 444 456 470
19 36 112 116 124 132 146 184 193 203 214 221 261 272 277 299 300 319 325 340 377 388 419 433 446 456 496
12 18 35 63 69 78 89 109 116 132 195 198 247 297 387 402 416 442 477
26 52 63 87 97 132 148 154 180 240 263 296 311 325 374 412 446
16 55 61 96 118 163 179 222 238 290 306 316 338 374 388 429 480 493
11 38 47 52 66 144 169 171 214 234 248 266 306 336 338 389 420 431 444 446 447 465
28 36 38 69 100 101 148 154 180 199 202 248 259 323 353 374 385 405 409 442 447 459 471
8 63 68 100 112 123 126 167 170 179 221 265 274 321 336 359 442 481
8 17 19 36 42 127 132 167 216 238 324 400 401 414
9 29 36 69 97 130 137 140 142 146 160 168 176 219 238 247 252 260 281 283 335 338 360 404 416
23 34 48 63 89 94 119 135 230 277 284 300 316 339 360 400 410 446 455 486
26 47 62 72 100 127 137 154 214 281 284 330 339 379 405 423 439 459
43 47 63 69 148 167 192 214 224 292 339 368 375 444 447 456 477 490
36 38 47 100 103 136 171 179 186 214 227 236 281 303 322 350 371 374 397 431 444 460 464
69 87 108 118 193 234 248 261 294 300 358 410 416 446
21 28 39 49 80 83 100 120 163 171 175 192 203 209 213 222 297 322 340 350 395 423 436 446 486
14 40 47 71 72 85 87 89 116 150 168 222 247 248 293 300 339 379 395 441 445 472 485
11 39 43 67 68 79 83 104 204 219 269 283 287 294 339 442 453 481 486 493
25 36 94 154 189 204 226 247 277 289 303 360 368 377 402 453 486
60 68 100 118 119 127 184 208 222 292 378 385 416 482 490
36 49 63 81 85 100 112 116 120 144 154 179 197 207 219 221 231 236 300 320 344 387 403 443 461 480 490
17 23 65 68 125 152 190 209 210 238 272 274 319 364 399 425 442 444 474
15 38 62 85 108 160 261 316 325 347 441
3 25 105 121 154 155 179 222 238 328 359 377 390 402 416 439
8 28 36 38 51 62 69 80 81 97 135 155 168 233 247 281 299 314 318 404 405 422 482 497
15 36 38 108 152 183 212 217 227 247 274 316 319 347 400 402 463 467
3 34 38 39 41 70 74 78 106 138 139 140 146 150 182 198 209 215 222 281 297 334 338 360 371 377 399 405 453 470 472 479 492
61 73 80 89 101 135 208 213 227 252 259 317 350 368 372 410 412 416 417 437 483
7 36 40 47 87 91 115 117 127 188 192 282 323 336 360 377 397 402 438 443 486 495
3 34 109 147 179 182 189 213 222 259 269 282 293 333 371 404 414 432 437 444 460
11 33 49 61 67 72 73 83 87 107 109 117 169 193 214 222 231 238 246 266 281 343 353 359 364 423 465 473 490
15 22 79 100 106 118 144 145 147 221 236 248 347 371 412 423 493 497
33 36 75 80 100 127 146 171 185 277 298 325 362 402 444 471 472 490
6 36 48 52 63 65 93 97 108 215 227 372 377 432 439 463 472
17 18 38 123 125 135 210 277 300 307 346 374 377 410 412 423 446 472
33 34 47 107 123 125 127 169 171 238 300 338 339 360 430 442 444 471 480
3 4 17 26 63 69 72 119 125 221 234 246 284 331 335 371 374 397 415 428 444 471 483 485 495
21 29 73 85 103 132 188 243 302 372 399 402 404 440 455 487
25 29 51 61 81 83 89 93 170 191 310 313 318 319 437 443 480
9 12 19 25 69 83 106 116 118 137 147 201 205 216 283 284 318 371 397 399 421 425
6 8 9 36 83 147 154 163 170 246 248 274 277 286 293 325 335 372 412 432 444 446
36 44 49 91 127 140 150 221 222 237 252 259 318 329 348 360 377 412 439
23 197 239 293 316 339 374 419 442 471 472 484
3 8 21 22 61 71 163 173 201 204 246 326 357 375 424 444 456
17 63 108 123 127 139 188 192 229 233 246 281 289 310 340 404 409 415 438 472
89 97 163 170 238 245 292 350 377 415 416 431 490
39 69 138 143 159 163 215 222 243 300 334 347 360 364 409 453 455 472 477
28 34 51 70 123 135 140 185 201 209 234 259 277 283 337 354 356 432 453 456 461 467 472 477
8 22 28 29 36 39 50 60 83 87 114 192 246 255 289 299 322 335 337 368 399 405 420 424 432 437 444 446 474
6 11 43 67 120 143 146 148 160 188 192 205 221 222 246 252 259 267 284 306 307 402 414 416 417 432 443 446
9 38 68 95 142 147 154 168 171 191 221 226 293 302 322 326 335 360 402 409 417 431 492
29 46 61 146 155 161 339 366 387 389 395 420 455
10 14 29 38 89 112 127 132 168 178 257 303 318 325 336 456 463 471 493
38 49 67 99 101 104 198 210 217 263 277 330 404 421 447 459 480 481 482 488 493 497
23 24 35 38 49 183 222 238 293 299 300 303 405 420
3 69 142 146 160 201 231 293 297 335 347 360 385
8 50 62 69 86 100 109 119 137 147 169 186 191 222 233 238 277 302 306 309 317 398 419 439 444 477 487 493
0 28 51 68 89 116 119 137 166 222 235 277 293 317 319 325 326 360 364 442
40 42 47 80 143 146 182 228 281 289 307 310 314 368 403 404 473
3 4 14 29 36 48 63 72 80 81 87 116 148 176 222 283 290 298 300 307 320 325 347 353 357 371 443 464 472
5 8 28 34 87 114 155 192 252 278 283 302 359 416 432 467 471 480 496
5 9 26 62 63 91 168 246 266 318 325 335 360 395 412 414 416 437 464 480
8 25 28 63 87 89 101 124 170 203 208 227 281 282 284 290 306 317 348 350 360 377 400 409 414 416 432 462 486
3 6 7 49 62 69 101 121 124 127 132 170 194 212 217 265 293 347 366 403 446 463 464 480 493
26 38 39 107 109 160 180 210 221 263 283 318 353 402 412 420 449 487
21 43 47 48 63 68 71 129 143 176 214 281 289 293 306 336 372 387 400 404 412 416 433 437 443 444 459 490
8 11 103 143 147 204 222 260 266 280 299 300 318 419 482
26 66 95 97 104 124 135 166 222 237 238 246 248 259 263 281 331 336 344 361 402 405 416 471 472 480 481
5 10 29 42 67 83 93 109 112 117 118 123 132 135 169 201 300 319 343 418 432 439 472 486
26 39 69 73 102 117 127 139 154 163 169 188 288 363 372 388 400 410 420 471 480
9 94 163 166 170 221 248 289 293 311 325 361 402 405 409 416
0 32 48 70 83 117 159 168 214 300 364 385 402 459 493
35 36 87 104 117 123 139 150 155 166 179 221 233 240 261 354 387 444 472 491
19 40 69 89 98 109 123 136 180 185 209 213 242 274 289 328 339 362 371 385 402 404 414 482
27 34 42 106 128 210 219 233 272 273 274 336 375 377 403 446
10 14 38 71 73 117 127 142 215 229 281 293 334 377 416 446 455 456 459
33 63 118 170 193 231 306 377
14 28 43 63 85 135 192 210 219 232 238 243 289 297 311 354 371 375 377 399 402 412 418 471 484 486 487
21 26 29 93 101 123 127 137 154 191 192 201 203 222 227 259 274 291 300 316 325 336 401 405 412 416 442 444
4 14 35 36 40 107 116 119 124 168 182 222 230 231 233 263 300 302 353 357 371 377 438 440 456 472
8 9 28 78 100 116 135 160 204 205 221 235 269 281 299 322 346 360 374 398 417 420 432 443 492
24 38 50 80 100 114 117 147 148 163 191 193 283 306 410 486
10 61 63 85 117 119 140 147 160 169 174 188 248 293 375 441 444 482 484
0 12 26 71 94 144 146 180 183 195 260 263 281 306 316 319 402 412 416 432 446
78 87 98 114 132 148 182 192 217 219 231 238 281 284 306 318 335 338 353 369 414 416 428 430 467 471 488 493
17 23 40 43 55 119 120 124 160 182 204 234 238 252 274 280 286 300 311 328 339 405 421 449 491
10 11 42 51 118 192 209 217 222 233 238 319 387 409 432 455 472 482 486
48 83 85 179 205 222 246 280 325 371 374 387 455 461
13 33 63 91 95 104 108 166 192 253 274 278 284 339 372 387 397 437 439 491
38 40 140 176 189 210 231 247 303 331 359 363 374 377 379 400 432 439 445 451
36 38 85 116 117 146 147 150 197 212 238 246 247 282 286 311 360 377 404 445 446 447 460
13 28 29 69 117 127 138 148 166 230 283 284 300 333 335 358 359 360 365 367 368 371 392 422 491 495 496
3 8 61 95 101 119 124 139 142 144 170 172 222 224 229 322 344 368 371 375 459 471 480
13 18 35 70 100 106 125 127 159 179 205 215 229 238 246 266 289 336 346 359 395 399 412 431 455 480
40 62 69 87 98 101 123 154 213 274 344 369 404 417 437 445
11 28 33 34 38 63 107 108 115 118 121 147 169 192 216 246 280 293 306 336 344 360 374 379 395 405 439 480 495
9 63 147 159 183 222 238 259 274 291 293 302 412 431 438 456
35 47 63 69 83 97 127 160 172 216 238 284 289 326 360 430 437 442 447 471 480 481
48 49 69 95 107 125 127 221 222 238 242 261 399 402 439 486
4 11 66 91 100 109 117 135 137 147 169 170 179 231 237 238 246 247 259 273 316 347 352 359 362 413 416 439
29 43 63 66 72 83 87 92 109 129 142 148 214 259 281 286 300 318 337 366 374 399 402 437 461 477 481 491
62 63 183 201 247 315 371 374 383 444
25 33 38 71 87 93 191 213 221 234 260 298 322 372 378 405 420 471 496
12 18 90 109 116 187 285 293 317 318 325 326 417 423 443 444 471 487
8 28 29 40 51 107 127 147 155 161 176 208 209 259 266 283 293 300 306 316 332 335 353 360 374 402 404 420 423 438 460
11 21 47 123 127 137 167 169 188 266 291 300 347 401 456 477
33 90 140 145 150 154 231 279 354 374 400 402 439 451 471
13 21 43 69 81 87 138 178 191 214 238 281 299 318 364 419 439 444
35 40 70 107 163 189 281 322 363 377 412 418 428 442
8 10 35 48 61 75 86 90 92 116 169 227 272 274 283 318 338 371 374 400 493
127 209 307 375 439
8 26 28 38 40 66 81 85 95 118 147 150 170 171 174 187 209 246 247 266 277 319 354 359 371 389 399 405 422 443 455 460 464 471 495
3 10 14 28 38 40 51 62 80 117 140 220 247 248 255 281 300 380 395 405 418 430 446 464 480 486
36 61 69 106 117 155 210 246 259 442 459 477 486
11 28 47 69 74 87 97 107 116 289 360 374 425 439 470 484 487 497
65 131 132 179 183 209 231 247 350 353 354 357 385 403 411 439 444 446 461 471
8 11 47 66 69 118 124 143 170 182 220 230 247 248 259 283 339 377 403 416 423 437 441 453 480 490
21 25 78 93 151 232 248 298 326 342 354 356 361 377 412 485 490
21 25 36 67 72 73 95 125 135 163 178 295 300 325 335 359 360 405 416 446 453
38 63 85 87 133 140 148 209 213 222 306 313 338 353 387 397 442 453 497
7 63 70 112 127 159 169 219 222 259 274 288 318 331 354 399 414 421 471 492 493
11 87 132 135 187 193 212 229 281 360 372 409 444 446 462 468
1 3 11 63 100 124 127 204 214 233 240 272 283 309 316 325 360 361 387 400 404 437 460 477
11 52 63 70 127 135 138 140 154 155 164 180 201 214 233 259 298 335 387 420 422 437 444 446 472 480 491
9 36 43 47 49 69 83 95 118 140 160 221 241 246 247 306 322 324 335 344 402 436 442 443
40 119 136 145 155 206 209 219 259 274 283 298 306 344 364 371 399 402 414 416 447
11 29 38 63 70 118 132 135 145 178 183 222 233 255 263 267 282 293 300 309 318 319 335 347 368 374 375 404 432 444 451 464
20 32 36 78 87 101 155 180 189 210 212 231 330 338 359 402 421 429 483 490
29 73 118 119 140 146 163 186 193 213 248 278 281 336 359 371 410
36 38 40 78 79 85 127 132 139 187 212 221 248 261 321 420 430 432 442
11 40 95 112 127 132 145 167 178 187 238 266 267 283 319 321 330
48 63 87 104 107 109 123 142 150 222 231 233 247 248 304 374 403 436 451 486 493
11 14 29 55 62 78 107 137 280 299 372 402 403 477 480
53 114 132 146 188 192 217 221 277 281 299 300 359 388 419 429 446
35 36 39 72 85 117 170 222 259 293 336 372 377 446 471 473 487
9 10 11 38 63 118 148 159 171 183 259 274 283 293 302 319 359 360 375 413 414 431 492
38 48 63 66 67 81 92 116 119 150 217 222 238 263 280 286 299 306 316 386 387 395 442 451 487 490
48 62 73 157 201 222 226 266 267 277 299 383 386 387 397
8 33 36 95 96 104 125 150 154 166 219 240 246 319 348 402 405 435 459 464 490
68 85 109 127 132 168 169 246 319 360 367 397 405 412 418 437
15 38 61 72 108 109 137 146 169 183 212 316 319 346 347 378 402 418 463
27 63 91 100 107 118 123 126 132 137 169 171 217 231 283 289 318 353 360 371 395 397 400 405 436 442 472
35 69 87 137 154 160 170 188 238 242 247 259 265 272 277 310 318 335 395 405 432 455 463 486 496
7 85 87 101 222 267 319 326 335 341 390 403 436 449 487 494
14 17 26 33 47 49 71 73 77 150 170 282 325 335 364 405 425 446 486
1 4 36 78 97 104 109 116 125 135 192 204 222 277 281 360 382 402 410 414 419 466 486
40 69 119 127 133 148 183 185 208 261 316 333 344 353 360 368 416 418 442 472 480 490
38 67 117 150 160 169 292 327 412 432 437 464 497
69 89 121 123 181 189 209 217 227 233 246 272 337 360 402 412 432 471
33 39 57 63 87 90 98 101 148 154 221 291 293 303 326 354 400 446 472 495
11 78 116 132 138 170 183 222 228 238 242 247 263 300 368 397 399 402 405 443 455
19 36 61 85 92 125 151 185 201 235 316 335 371 402 410 422 471 490
0 33 34 43 69 85 87 108 127 171 247 303 318 337 339 363 371 416 432 439 450 462 471 484
8 18 63 74 81 97 135 188 248 323 371 382 395 409 425 446 469 472 492
48 61 102 111 123 125 140 150 168 192 202 261 432 472
5 11 21 24 29 38 47 73 109 147 188 197 261 283 316 335 353 360 372 420 469 477
29 60 66 107 125 194 219 366 404 418 442 480 492 497
21 44 49 72 127 148 207 231 378 403 435 444 446 477
14 17 38 71 121 137 169 219 221 234 238 240 241 246 258 283 319 368 416
9 21 132 164 180 197 214 246 259 293 318 321 363 397 420 432 442
9 18 43 106 123 169 192 204 209 221 222 228 234 246 274 277 295 306 338 342 346 388 400 402 403 418 445 467
38 43 61 101 126 130 137 171 221 344 431 439 463 471 480 493
10 48 74 99 171 175 191 219 222 246 277 287 377 387 390 402 435 444 459 472 495
4 63 76 81 87 117 148 170 192 209 221 233 246 300 311 316 319 337 374 396 412 421 446 456 460 480 493 497
10 11 28 34 38 43 80 104 107 131 221 263 274 306 395 399 404 444 451 472 495
8 33 93 109 116 126 146 198 201 222 247 259 306 323 353 357 364 402 404 446
0 11 48 70 83 87 117 127 168 170 209 214 241 247 277 281 306 377 385 430 480 493
10 28 36 48 49 61 69 83 132 143 167 171 191 241 293 299 313 339 372 421 433 486 493
3 10 38 51 62 67 83 104 116 123 124 151 153 154 167 206 222 235 241 258 293 297 311 330 399 420 424 432 444 486
11 21 35 36 61 71 73 87 123 129 147 163 219 222 231 281 418 431 432 456 473 481
8 60 147 148 170 181 219 238 281 292 338 357 363 380 385 447 448 455 490
13 38 52 63 118 119 154 201 204 222 246 259 261 287 333 371 387 425 444 446 460 471 480
40 42 100 123 178 191 221 259 328 364
74 83 85 117 137 146 148 163 182 191 221 287 334 405 482 486
25 36 40 69 119 167 168 171 231 300 328 335 344 416 424 442 455
49 57 70 73 116 132 147 168 170 171 289 404 409 416 432 438 441 484
3 23 28 47 50 70 95 100 130 176 192 238 277 487
27 63 67 68 123 129 154 219 222 228 331 374 400 442 455 471 486
16 19 31 62 123 154 170 219 222 227 228 274 316 325 335 336 369 412 414 416 423 472 486
3 48 61 66 83 89 97 101 106 140 214 248 260 334 344 350 399 416 422 441 444 471
14 71 73 90 117 121 127 128 155 175 229 300 318 416 442
3 17 29 35 39 71 127 168 221 222 335 339 368 371 395 404 405 409 431 439 442 455 457 490
8 29 34 35 38 61 146 191 235 240 246 319 374 378 401 416 418 424 432 442 463 493
53 80 83 139 146 152 227 287 291 318 330 354 364 374 397 414 432
8 10 33 34 36 38 62 63 81 100 104 125 132 160 183 240 243 246 280 281 302 320 339 348 385 387 399 419 444 455
85 125 145 205 222 229 233 235 236 350 420 438 443 465
36 97 109 125 168 221 237 240 300 337 344 359 371 383 385 402 437
0 47 80 83 98 207 208 217 318 325 403 416 437 467 471
8 67 74 76 85 147 160 179 207 222 255 277 318 333 335 353 359 360 368 371 412 459
6 62 75 85 116 125 132 137 238 246 274 395 399 437 493
62 85 88 95 125 127 153 202 227 231 266 289 402 409 417 456 487
63 69 106 123 132 142 201 214 248 274 335 360 420 431 439 464 486
18 25 166 183 197 204 338 350 357 366 399 400 444 460 493
23 36 42 46 47 72 87 109 163 168 186 188 207 227 233 240 247 321 322 347 397 446 447 456
4 28 61 80 124 143 146 150 163 186 217 238 260 281 282 284 289 306 316 336 338 377 416 439 442 454 472 477
36 41 48 112 412 437 463 469 487 499
11 33 38 48 90 117 127 179 184 212 213 234 235 238 263 306 316 329 337 360 398 402 440 444 446 461 487
11 38 59 61 80 84 130 192 202 231 252 259 263 277 302 319 339 347 368 379 412 420
0 3 19 28 46 62 101 118 120 121 139 170 191 209 252 357 362 368 400 403 421 425 472 474 484
17 24 41 74 80 106 108 111 127 147 152 233 274 316 414
28 86 119 124 127 155 159 201 209 238 246 247 314 319 336 353 374 375 424 444 477 486
4 36 48 69 119 126 179 231 234 265 274 338 342 377 412 421 481 495
26 36 119 138 221 230 238 246 300 320 331 346 360 409 416 424 486
48 72 93 100 143 171 234 237 281 317 348 402 405 446 461 469 471 481 497
220 240 246 263 282 289 333 337 371 397 399 442 455 471 487
35 97 118 140 155 214 237 281 283 284 293 337 338 412 414 484
86 87 107 108 123 127 132 192 213 238 259 299 334 339 399 412 421 447 472 484
3 8 9 13 21 42 63 104 118 127 132 137 197 222 246 248 279 323 350 357 371 403 409 425 462 483 490
11 14 21 24 28 36 85 98 100 119 163 171 204 238 286 316 325 338 357 445 453 460 461
41 62 66 72 90 187 205 219 248 274 281 302 334 361 377 403 446 462 467 472 477 484 490
10 14 40 46 52 55 63 85 86 87 118 127 132 142 148 160 170 238 241 261 277 284 287 325 360 370 430 465 471 472 480
63 90 99 182 188 201 213 236 269 274 293 374 382 425 455 471 487
28 38 67 72 80 101 107 137 210 212 247 344 346 402 420 439 446 463
36 78 97 100 111 171 182 237 238 316 339 357 368 380 402 417 456 493
17 46 238 284 289 318 360 371 383 385
22 80 122 127 139 147 209 277 282 330 387 397 415 478
3 13 36 40 74 85 100 116 119 154 176 192 207 219 231 236 261 266 281 299 300 333 336 354 371 397 412 417 442 444 473 490 492
8 17 87 100 140 148 281 318 353 387 416 420 442 455 469
40 46 67 94 107 161 208 209 283 291 316 360 368 377 392 415 425 437 440 444 480
29 49 62 67 106 108 132 148 234 240 246 248 266 274 294 332 359 446 470 477 487 492 497
38 78 100 169 203 213 232 359 455 472
21 24 28 47 90 105 112 136 145 150 259 266 300 329 360 377 442 443 486
11 35 36 47 136 147 148 161 188 190 201 229 238 289 298 316 350 360 412 442 444 459
12 14 50 78 81 87 123 150 188 238 258 325 371 412 422 437 456 492
3 17 33 35 36 47 55 85 103 123 147 154 160 217 232 233 247 340 344 410 431 432 470 481
29 61 78 146 155 168 238 339 389 480 490 491
0 22 152 180 185 203 213 245 339 414 421 425 472
5 47 49 60 63 67 68 102 111 123 144 200 233 338 346 347 388 399 405 409 414 416 420 444 491
90 118 119 125 148 342 377 405 412 432 436 446
8 42 47 72 132 142 155 188 291 302 339 359 374 379 404 446 484
12 23 29 35 41 61 63 66 75 90 93 95 116 117 138 142 145 158 160 172 178 231 267 288 292 293 336 350 362 375 387 404 437 439 459
3 40 45 72 89 94 121 137 144 183 192 240 360 425 432 487
18 33 43 61 68 125 138 139 169 213 214 215 233 246 261 274 278 326 337 387 412 443 493
9 16 29 61 118 124 137 203 283 289 291 329 333 354 395 397 422 471 478 480
10 61 63 191 201 219 238 274 322 325 331 346 360 424 438 444 446 497
18 36 61 80 81 87 116 128 155 192 259 292 331 364 384 397 416 472 495
38 60 63 64 142 153 154 187 235 238 247 319 353
11 63 70 112 116 179 221 246 255 309 322 353 484 491 497
11 38 62 73 87 132 144 154 190 192 193 221 236 264 292 298 306 332 348 404 417 494
25 66 70 87 123 132 248 293 300 303 316 375 377 405 456 490
0 49 51 71 89 90 109 137 157 170 209 221 238 248 289 293 300 335 339 346 371 387 399 403 444 455 462 481
20 63 100 107 167 192 221 236 240 266 281 337 347 369 402 455 463 464 480
8 9 18 67 101 173 221 222 228 388 400 416 443
3 33 38 74 97 118 154 171 192 261 289 399 402 405
0 23 89 95 101 192 203 260 270 274 319 327 338 377 432 444 471 484
38 45 48 61 106 107 118 124 132 209 212 221 222 231 260 299 318 329 359 376 377 386 387 425 442 471 480
4 8 60 87 109 132 150 154 205 242 246 252 271 276 300 302 306 348 350 395 460
21 73 85 96 104 108 109 127 132 135 147 148 179 245 293 322 330 354 360 395 459 490
10 11 28 80 85 97 119 142 148 154 234 241 319 330 360 387 413 453 461 492
80 87 100 114 144 188 241 283 303 360 368 374 383 403 420 455 456 491 497
11 35 60 123 127 148 150 164 231 233 248 254 272 368 416 420 439 443 474
43 51 75 100 132 155 189 238 319 400 471 477
29 36 38 154 221 222 414 481
10 17 63 69 70 87 122 123 182 192 193 222 227 234 255 259 293 346 418 459
28 39 46 114 116 147 154 190 197 237 259 269 281 283 294 298 336 374 405 414 442 471 473 495
14 80 107 123 124 133 142 147 182 230 234 248 326 350 353 359 376 398 422 423 448 459 460 480 482
19 67 72 83 117 140 147 155 160 171 190 222 261 358 374 390 402 473
38 40 43 63 83 85 126 137 154 155 234 287 306 309 339 359 371 399 402 418 444 490
26 33 38 40 69 83 126 142 147 176 221 238 246 261 266 277 280 284 318 337 360 383 388 402
3 43 61 104 107 123 127 128 146 163 199 216 231 241 242 281 283 300 319 374 399 403 414 416 425 429 432 435 456 461 471 472 487
33 44 49 63 69 82 83 112 116 123 124 155 170 192 259 261 293 336 339 368 374 377 389 401 423 442
7 22 36 79 106 112 124 136 147 163 171 221 293 306 318 319 352 374 403 444 464 491
33 36 46 69 85 160 192 214 221 234 299 335 337 399 420 432 439 464 484
48 56 83 93 102 154 175 195 222 224 299 306 319 371 382 386 387 480 493
55 78 81 120 160 167 168 169 188 209 219 222 231 300 318 328 371 396 403 404 410 464 493
3 7 29 33 43 67 71 123 159 163 281 318 357 402 419 422 428 439 471 482
8 38 74 246 247 293 299 307 318 326 335 357 372 397 402 491
8 38 69 124 169 184 217 367 432
14 39 51 52 63 71 97 119 125 129 132 135 160 182 209 281 304 366 405 411 437 442 482 486 493
80 155 190 192 214 236 293 298 306 326 352 371 402 414 446 472
41 74 78 85 97 107 132 136 139 154 155 261 284 291 293 308 439 456 497
33 53 55 61 67 117 214 266 289 360 490
0 30 38 48 63 95 101 117 137 168 171 266 274 299 310 316 368 371 402 444 456 459 479
47 51 118 123 132 146 182 203 247 255 281 289 314 344 398 402 404 420 447 480
8 14 36 87 130 140 155 167 169 192 197 203 210 222 233 259 300 325 326 333 363 400 420 422 425 471
5 12 31 53 83 89 123 129 135 138 142 145 155 176 185 219 221 234 235 247 274 293 318 325 328 397 416 422 445 447 451 455 459 480 482 483
3 11 28 62 63 69 98 148 150 155 176 240 352 372 405 412 416 441 471 472 480
7 19 22 73 96 106 108 124 126 136 147 163 179 188 204 220 221 222 238 261 322 374 390 405
4 7 17 80 122 138 139 147 172 188 201 292 337 388 402 415 418 436 444 446 455 471 484
3 51 55 69 80 121 138 147 155 170 174 188 191 222 233 266 318 363 405 409 444
9 38 72 86 117 119 121 187 238 243 247 266 319 335 342 371 484
9 34 48 52 76 87 91 93 147 148 151 155 173 188 222 255 292 303 321 329 360 377 443 446 447 463 472
28 36 40 48 64 69 95 96 112 118 119 150 198 215 219 259 263 325 372 377 401 439 443 445 456 487
25 57 76 118 130 131 197 248 367 397 410 416 419 444
23 47 121 137 139 150 188 201 222 274 299 322 374 399 420 444 486 488
9 31 34 67 123 160 228 259 266 286 289 316 319 336 378 412 426 442 447 477 480 486
81 101 107 118 125 137 182 209 220 329 344 353 371 439 463 499
39 66 71 98 132 212 234 281 360 378 405 436 437 490
8 14 21 63 107 119 176 209 222 231 267 283 293 298 306 310 318 319 342 359 371 377 400 404 414 456 460 464 490 495
12 33 48 51 127 184 192 204 222 263 277 285 306 360 398 402 444 487
4 6 17 63 81 85 142 152 176 180 234 255 260 285 293 359 360 377 381 388 396 400 448 451
38 51 74 95 144 147 148 166 202 248 274 307 371 374 377 404 422
8 10 49 80 104 117 183 192 231 274 293 360 369 371 372 377 399 410 416 439 444 471 492
1 42 45 63 74 80 101 117 118 127 130 137 146 209 217 238 259 261 281 344 374 436 439 463 472 486 492
0 31 36 47 62 127 144 145 222 246 314 337 360 431 436 439 454 459
40 107 160 161 205 208 209 283 316 360 399
17 34 36 73 93 117 127 152 171 190 221 241 242 278 293 325 329 353 360 412 418 439 443
3 14 35 39 47 63 313 359 371 418 442 471 492
39 85 107 115 159 160 169 191 205 209 222 248 277 289 340 388 395 404 412 433 436
9 26 39 61 66 78 80 201 209 227 233 234 243 274 281 289 333 339 481
10 35 40 61 67 86 106 233 248 289 313 323 339 356 374 405 441 471 477
27 36 38 48 73 83 117 124 127 143 144 147 170 179 192 210 221 299 306 352 354 368 371 374 402 403 471
9 40 73 117 131 132 146 171 203 238 247 291 354 360 404 409 420 445 464 473 484
35 38 55 61 118 132 146 160 178 183 199 217 219 283 319 336 338 340 347 375 416 463 467 493
12 14 49 62 69 73 81 116 117 147 182 192 222 246 248 260 282 283 306 322 339 374 375 388 439 442 471 478
139 221 247 296 311 363 368 374 416 419 459
68 72 89 90 117 121 127 128 139 155 175 187 235 276 300 317 318 325 326 334 442 467 472
23 28 67 104 142 190 201 222 227 263 266 267 293 325 331 415 439 442 443 445 456 478 481 493
8 17 25 38 40 107 123 222 241 247 289 293 359 432 439 441 444
8 39 54 87 230 233 287 292 425 429 439 447
42 51 63 72 83 85 116 127 143 155 169 171 222 266 281 300 317 319 326 412 446
28 36 98 116 147 176 197 374 396 405 451 477
17 106 160 193 231 238 240 247 295 306 335 360 414 472 488 497
27 47 73 81 104 131 221 229 325 412
26 47 101 146 159 234 247 259 269 319 338 371 438
17 28 69 86 101 112 132 171 179 222 232 263 289 293 306 324 325 400 402 403 412 419 464 471 481
28 34 43 63 80 83 85 109 124 137 160 166 182 185 246 275 287 300 333 368 382 387 405 439 456 486 488
36 38 42 48 49 104 112 132 179 246 338 395 400 402 472
4 25 63 69 76 93 100 116 201 248 290 300 303 318 371 414 444 448 460 478 493
3 8 38 40 61 85 144 163 172 224 306 374 463 497
12 50 87 148 179 182 258 261 293 316 318 327 368 371 395 402 416 492
9 16 70 88 127 150 222 230 232 316 322 339 375 395 405 416 418 427 482
6 28 29 52 87 116 179 197 209 214 218 229 238 246 248 274 319 346 371 374 405 416 451 464
8 21 51 61 191 233 246 255 287 337 377 397 418 425 429 447 459 471
12 18 23 51 75 101 190 201 209 221 222 263 266 285 289 293 298 347 443 478 482 487 493
28 33 48 80 115 127 137 163 217 222 238 263 360 367 400 402 444 454 486 487 493
10 14 38 41 47 66 127 163 168 188 219 246 293 310 360 404 412 432 437 444 456
19 33 38 47 66 87 98 127 193 213 238 240 241 247 274 300 306 335 337 339 353 379 385 402 412 416 421 444
3 13 35 74 118 176 201 222 247 274 303 314 377 403 445 486 497
10 63 78 106 117 139 188 238 277 281 282 288 304 343 432 449 463 464 477 486 492
48 62 63 136 182 246 248 372 387 437
36 79 93 112 154 184 190 222 246 248 298 320 325 337 414 473 480
8 36 61 63 127 144 172 180 203 220 224 240 247 335 342 374 439 442 477
9 35 40 61 69 72 75 119 123 139 160 222 227 233 238 242 261 274 276 283 288 306 344 416 446 455
70 83 85 124 155 167 204 205 222 246 271 289 325 371
26 36 72 81 86 90 109 170 171 180 188 233 246 258 265 287 414 415 439 448 453 471
23 85 99 105 150 205 214 222 266 274 306 322 360 364 377 399 412 420 425 447 455 470 471 484 495
8 10 11 38 69 85 175 209 210 221 224 331 334 342 363 399 416 420 432 460 486
28 71 132 140 142 212 240 302 325 337 402 439 443 445 456 478 487
33 34 38 61 87 127 133 178 255 263 278 298 337 358 387 395 427 460 471 473 477
25 28 69 72 83 111 117 135 143 171 192 281 300 317 375 416 446 447 456 490 493
85 87 118 169 170 273 289 291 298 389 414 471 472
3 15 35 36 43 49 70 86 89 107 109 116 124 144 170 171 173 195 198 247 302 374 416 438 486 488
3 11 19 63 100 116 127 201 204 221 233 283 326 387 405 460 490
6 33 34 38 73 150 154 171 231 238 246 261 277 306 344 374 420 432 448 480 490 495
8 125 145 178 217 233 267 344 420 443 447 465
27 29 33 78 87 117 133 143 146 147 167 192 219 220 221 274 325 374 399 414 438
9 28 35 36 80 131 182 197 259 281 300 303 316 320 374 404 432 443 446
5 25 34 36 69 71 123 155 168 174 179 210 238 304 325 334 337 340 359 360 388 425 456 471 480 481
3 5 20 38 43 45 60 63 67 80 88 109 118 124 138 185 193 202 227 246 275 277 289 306 353 363 387 389 397 437 471 480 490
9 17 63 101 104 166 169 178 304 322 344 354 374 400 417 442 465
17 24 124 132 138 171 192 203 207 209 225 238 243 247 306 387 391 402 439 478 499
39 47 48 123 179 222 299 306 352 386 387 397 405 416 418 482
10 36 55 123 238 334 344 399 425 446
48 62 63 102 106 127 142 147 169 230 234 259 265 325 326 382 385 402 480
11 35 41 87 154 218 238 283 284 405 471
4 24 25 38 68 76 85 95 109 137 148 202 209 221 225 245 282 289 306 378 387 422 488 497
11 29 40 67 86 123 154 173 183 216 234 246 247 289 292 347 358 371 412 415 432 446 471
20 42 62 71 90 112 125 127 140 159 169 189 213 235 277 298 371 374 443 449 456 464 483
8 28 38 71 106 148 155 238 246 274 286 288 298 339 416 449 477 491 492
51 71 80 125 135 222 287 293 320 325 360 374 399 446 490
14 169 246 274 292 326 327 360 405 418 446
14 44 46 48 53 72 101 107 144 190 215 266 293 319 400 416 420 456 477 487 490
40 46 62 63 107 133 148 170 171 179 207 209 283 333 335 353 399 444
14 48 53 55 61 87 229 236 289 360
104 133 163 169 180 217 221 238 259 274 283 300 329 336 373 377 395 399
6 16 63 109 118 142 170 219 246 277 294 295 362 402 404 486
10 14 27 38 50 80 92 106 117 145 148 155 281 374 375 377 397 400 446 456 463 474
9 14 28 38 39 43 70 81 83 87 91 126 145 146 148 169 188 226 246 359 377 399 423 439
35 49 63 86 87 89 119 120 170 222 247 289 316 325 335 405 471 490
14 36 69 74 90 107 117 127 147 166 192 208 248 302 326 332 357 377
4 36 62 97 125 140 150 201 210 237 238 274 278 281 299 319 330 331 387 397 402 437 446 484 486 490
10 11 39 100 116 146 179 221 235 306 352 360 368 372 409 432 455 459 480 486
35 80 122 139 140 147 169 188 344 377 412 415 471 480 482
6 8 11 33 69 80 89 132 137 139 144 170 171 182 214 221 222 227 231 240 277 316 319 330 374 377 402 410 416 423 443 471 477 486
3 10 11 38 40 47 83 116 137 140 147 150 163 209 212 215 229 240 248 281 409 437 439 486
23 48 61 87 98 123 142 150 169 188 198 201 204 229 250 263 280 298 318 360 362 387 417 425 455 456 472 482
47 67 95 101 138 146 221 259 275 292 347 375 388 418 425 436 484 486
61 66 73 118 130 132 140 144 147 156 179 227 277 326 338 365 368 416
8 10 21 47 48 49 69 110 123 139 154 192 201 330 360 368 377 430 464 490
33 38 49 93 118 210 238 293 318 342 344 363 414 432 444 471 490
51 74 90 213 235 236 274 290 300 371 374 375 398 493
8 48 74 97 148 169 217 221 245 274 284 285 325 350 360 377 382 390 402 415 431 461 471
28 51 63 82 140 154 170 182 183 215 252 265 338 356 371 381 388 400 415 477 491
17 33 36 67 85 107 117 125 169 184 188 214 231 232 238 242 336 359 377 423 432 439 473 490
11 63 74 85 109 131 132 188 212 216 219 246 274 283 289 300 306 326 356 357 368 374 422 461 490
57 63 76 87 115 127 147 163 170 206 207 231 261 359 444 459
55 60 68 81 112 120 219 222 247 279 292 371 399 405 420 443 446 463 472
11 35 40 87 112 116 135 148 222 238 248 257 267 283 284 337 359 388 405 414 446 448 456 488 493
14 21 49 123 173 221 245 281 293 307 328 424 451
6 14 51 71 73 100 127 132 150 174 229 293 319 362 409 416 490
10 17 61 96 104 108 214 234 248 284 294 316 318 395 403 441 446
30 38 43 69 81 106 118 119 157 202 227 277 303 311 346 360 363 374 401 456 477 486
3 80 93 169 188 204 259 277 348 412 425 470 481 486
8 132 185 222 248 289 293 306 319 335 357 404 420 439 460
9 19 21 47 80 119 123 127 137 140 144 146 192 224 238 300 338 371 401 444 486
19 67 70 83 124 163 167 171 204 221 247 261 300 308 340 377 403 446 464 496
11 18 21 36 38 42 52 69 107 116 117 123 127 140 154 155 159 261 266 272 325 402 422 424 444 446 478 486 490
4 14 34 39 49 70 116 148 150 188 209 213 238 248 276 277 291 322 348 357 360 371 404 416 439 446 472 487 492
61 73 95 124 127 160 182 185 193 252 289 403 404 449 482 484
8 25 36 83 155 189 204 246 303 325 377 444 446
29 53 55 61 66 69 107 109 117 124 173 201 219 221 274 282 289 306 326 337 339 360 399 402 414 416 443 455 477 480
21 25 36 87 147 159 168 170 214 231 233 242 316 321 346 347 360
17 107 121 123 137 169 219 238 361 416
28 36 39 61 62 138 173 179 247 286 290 293 300 359 371 412 456 471 480 484
10 48 85 109 235 238 364 375 400 420 471 480
8 48 145 248 289 293 306 335 371 399 414 430 432 446 471 480 481 490
8 48 71 87 221 227 233 236 280 320 387 422 443 455 471 486 487
7 9 132 169 180 212 214 221 282 283 309 338 373 374 376 395 399 403 405 438 443 460 482 490 493 496
36 85 107 124 125 139 219 221 231 238 247 248 299 336 353 405 432 444 478 497
14 68 89 132 235 317 325 326 377 400
11 17 21 27 36 39 48 53 73 132 152 159 179 206 289 314 325 374 404 412 429
8 13 23 29 36 38 39 63 66 80 85 117 125 146 152 183 194 222 299 303 329 366 414 420 438 442
36 213 222 238 241 281 313 338 353 387 412 415 425 497
8 33 57 63 132 167 168 193 219 247 248 255 289 293 295 311 330 344 347 360 375 423 432 456 471
28 29 61 109 146 155 159 188 231 299 300 339 352 374 385 389 412 414 432 480
10 14 28 38 42 61 69 104 121 130 135 210 219 224 233 248 259 260 306 336 371 375 388 399 402 409 412 423 444 487
7 40 61 67 101 109 112 132 136 186 192 231 233 247 266 293 311 387 437 461 484
33 35 48 55 61 67 87 140 145 149 160 167 199 220 236 259 306 375 472
17 35 57 60 69 118 127 158 195 205 214 236 245 340 344 353 364 387 416 442 455 470
23 180 192 201 221 259 261 285 290 318 376 398 402 420 443 480 497
8 14 23 25 38 63 72 106 118 170 198 246 283 289 335 353 374 402 410 432 444 480 484
9 36 38 39 42 57 81 83 93 132 197 201 213 222 241 248 319 338 346 353 372 387 432 439 446 447 497
36 41 52 60 66 80 86 104 125 133 150 155 166 192 197 222 283 303 377 419 422 430 446 472
0 28 43 67 68 81 133 147 222 247 261 278 300 317 377 403 420 428 443 464 497
29 52 62 63 73 97 116 119 130 139 140 150 172 204 267 325 330 338 371 387 416 444
11 33 35 71 86 87 104 123 139 167 220 238 283 284 293 300 311 319 368 405 418 482
40 51 66 72 73 112 142 157 209 238 248 300 336 339 359 389 399 402 446 448 455 477
10 15 35 38 61 108 183 197 227 238 248 266 309 316 347 372 375 395 418 445 461
9 14 18 36 49 61 69 71 85 86 97 101 109 116 142 148 180 188 205 214 283 293 300 325 346 364 374 432 444 446 456 477
3 67 108 109 154 169 222 247 319 338 346 357 400 412 418 443 459 464
11 14 38 69 74 87 93 112 132 178 257 260 299 397 471 490
36 48 55 107 188 190 208 221 238 244 248 252 259 307 329 332 360 412 442
4 114 117 142 144 152 161 170 173 201 219 227 247 300 319 385 444 451 490 497
83 86 108 242 318 377 388 402 403 416 449
19 21 34 40 111 151 154 166 178 188 192 216 224 247 283 289 319 325 335 354 371 399 403 442 459 465 490
34 38 67 87 106 138 148 192 217 238 247 300 317 346 360 403 405 419 429 456 464 496
4 11 39 63 81 85 89 101 109 125 135 137 176 179 203 221 246 273 289 304 306 316 318 323 352 359 409 436 439
0 11 28 50 85 89 114 143 159 258 293 318 353 359 360 371 374 423 446 448 474 487 491
74 83 101 132 157 217 316 319 360 395 416 447 457 471
48 71 147 166 213 221 234 266 371 372 375 378 496
0 28 138 144 154 156 174 192 206 213 222 234 293 294 316 317 323 325 326 328 344 368 387 389 487
60 75 104 112 119 126 163 209 222 280 282 283 307 371 414 448
18 90 95 104 117 121 127 128 135 155 175 300 302 318 442 445
4 29 36 40 85 86 139 140 142 148 215 216 283 306 316 336 346 371 381 402 416 420 437 477 490
72 80 101 103 117 119 123 124 154 159 236 246 272 281 293 318 335 346 414 464 472 486 490
8 9 42 43 48 62 66 80 95 147 181 214 238 260 274 309 357 363 372 375 380 442 447 461 471
19 25 36 87 123 127 140 156 222 246 318 366 446
11 17 24 70 74 127 129 152 173 358 471
29 31 36 45 48 72 73 77 86 93 127 145 154 185 217 222 246 261 281 306 336 348 432 442 472 477 481
14 21 57 69 85 98 119 146 204 248 274 286 300 325 368 404 416 439 444 488
29 66 69 83 86 90 112 123 125 154 155 163 171 194 219 222 278 306 366 378 442 459 471 472 477 492
17 34 78 90 104 187 334 379 446 467 472 480 495
11 15 80 229 278 358 371 437 446 449 450 459 469 472 474 492
38 47 51 123 124 176 220 281 300 327 359 360 395 397 405 416 464 484
35 36 71 89 104 116 117 233 246 260 322 350 371 400 437 444 459
14 36 48 69 71 132 143 192 198 214 221 242 293 305 313 335 400 414 416 432 433
3 11 31 39 62 63 100 104 127 132 133 138 142 176 185 201 204 221 233 238 319 357 387 412 423 445 459 460 469 472
11 15 63 182 231 238 255 300 309 379 480 484 490 491 496
35 48 88 111 140 147 212 222 238 323 325 359 360 415 419 423 432
21 25 33 34 38 40 69 71 85 150 170 172 178 224 231 266 318 325 337 350 368 399 420 426 438 439 444 456 457 484 488 492
29 69 74 96 107 144 261 300 316 327 334 335 375 402 431 443 477 480
14 28 40 47 69 109 127 152 154 160 234 242 259 281 307 328 336 360 368 387 409 416 424 451 487
3 45 61 69 72 137 154 169 170 171 194 238 243 246 281 359 399 464 480
4 7 35 36 48 62 66 68 80 85 89 104 123 154 155 170 179 192 222 235 238 247 260 281 317 325 326 339 377 397 430 439 490 496
60 69 86 127 159 169 178 184 185 222 238 335 368 400 416 490 491
23 123 155 190 195 222 263 266 281 325 367 397 402 410 416 444 478
25 66 89 106 125 171 172 216 221 259 300 319 325 336 347 363 389 402 420
0 11 14 38 78 93 109 142 217 242 290 300 353 371 402 403 453 456 471 490 493
7 47 55 63 69 139 182 204 207 221 293 319 375 380 390 412 418 432 455 462 480 482 492 493
3 22 28 36 60 117 119 120 151 164 166 191 203 209 248 252 254 293 360 368 374 465 477
5 47 63 66 81 99 107 116 117 121 169 179 229 238 248 319 338 446
24 28 85 135 137 155 172 173 182 247 255 259 266 277 319 321 368 398 402 444 455 491
17 33 85 123 140 150 155 161 169 180 188 192 214 255 377 397 444 455 482 490
9 48 124 197 201 222 248 289 299 353 359 386 387 391 433 439 477
36 61 63 74 85 87 135 160 179 199 222 277 318 340 395 412 416 472
0 35 47 132 136 147 198 199 248 274 326 350 486
27 71 89 90 100 116 118 148 150 201 231 267 293 306 318 337 395 414 416 420 446 456 469 485 488 493
2 27 62 87 171 192 198 222 241 247 281 306 325 335 390 402 414 416 471
8 28 73 85 95 121 123 132 168 185 193 255 259 260 289 403 409 444 456 477
8 9 23 38 183 222 293 299 300 303 347 357 364 420 444
33 60 61 63 83 85 118 137 142 157 160 192 287 322 324 335 372 377 432 471 486
47 72 83 85 136 139 143 171 281 295 317 329 335 350 359 374 446 453 461
0 10 22 29 51 146 191 219 221 227 234 259 283 350 444
28 29 38 40 71 117 146 148 150 209 238 247 288 294 335 371 388 402 405 423 441 445 450 471 481
7 14 28 34 63 117 123 171 179 185 344 346 374 379 399 423 427 446 461 480 495
11 29 62 71 197 221 229 358 371 419 428 437 444 446 449 469 471
97 107 108 112 124 147 172 182 191 192 230 276 281 319 353 357 412 448 459
35 63 69 83 171 193 240 259 395 410 423 428 439 441 443 455
40 46 86 95 171 182 184 201 209 222 240 246 302 312 326 330 387 403 419 439 455 457 490 491
3 55 127 155 163 170 188 217 232 233 289 403 416
3 13 18 93 109 160 178 248 266 278 283 293 333 368 372 377 402 444 485 491
18 20 21 24 61 66 71 85 88 107 109 117 118 137 144 198 233 236 281 289 293 316 321 335 359 375 392 397 456 484
106 136 205 213 226 339 351 357 371 399 439 448
11 52 63 69 107 112 146 188 217 229 231 248 263 266 300 303 306 395 471 478
36 50 63 103 104 120 138 166 182 214 302 306 365 371 392 416 442 455 490 496
17 55 61 71 80 96 117 119 132 135 167 188 210 221 237 277 281 300 310 323 353 371 399 410 428 446 464
25 26 38 42 67 92 119 159 260 263 266 329 419 428 440 471
11 99 123 155 204 215 221 293 300 375 403 412 418 453 462 486
67 69 87 171 234 325 344 353 397 402 414 481
9 13 33 63 95 145 148 213 222 229 236 241 271 289 350 400 437 438 465 484
14 15 38 61 73 108 120 124 156 179 183 210 212 316 338 347 359 413 418 485
19 51 75 85 87 89 95 127 129 159 184 188 222 233 240 248 263 284 290 295 319 335 374 378 400 437 442 491
14 48 107 112 183 204 221 238 338 357 387 389 460 465 480
3 13 123 148 150 213 222 241 400 433 437 444 484
23 67 124 163 173 246 294 339 399 420 444 456 463 478
40 154 160 174 192 219 246 247 261 289 336 395 405 412 416 426
9 36 63 85 95 138 149 155 206 214 231 234 235 241 330 338 387 421 432 473 486
11 28 29 36 39 51 90 140 146 158 283 318 326 328 329 331 360 363 383 385 403 424 425 437 444 471
11 40 69 74 116 169 192 219 230 247 260 261 278 318 322 333 374 395 405 432 438 446 463 482
21 70 132 135 137 147 154 204 259 291 353 368 401 422 483
29 35 48 53 87 150 176 280 339 387 398 405 414 439 455 471
66 98 116 123 124 127 142 144 146 152 163 203 214 240 319 374 403 416 433 444 456 484
9 19 52 67 75 123 132 140 144 145 150 183 187 188 192 242 272 288 338 361 371 388 405 414 416 443 482 486 490 494
3 28 48 87 117 132 167 192 212 214 222 235 236 255 311 316 326 331 395 412 421 437 471 480 493
3 14 26 59 85 131 166 188 204 222 226 255 280 283 306 359 364 368 403 412 444 453 487 491 493
11 92 116 123 192 212 216 222 230 246 274 303 318 333 346 420 439 442 459 467
3 21 29 48 73 85 117 125 163 209 235 238 298 302 306 317 371 377 402 419 420 444 487
123 180 221 236 247 281 283 373 399 464
8 36 86 132 154 170 171 222 233 274 298 300 325 402 405 425 455
3 109 132 133 168 192 268 317 437 457 486
8 10 52 96 120 123 139 170 188 214 227 238 260 318 319 339 374 377 402 405 409 412 442 444 449 459 482
29 83 85 125 132 133 137 143 144 146 188 192 197 287 306 325 344 388 399 404 438 443 462 486
38 53 87 94 124 125 139 160 166 171 221 246 274 278 293 339 360 399 402 410 456 471 472
66 72 95 146 169 179 216 222 235 246 259 358 371 389 399 402 412 414 446 455
8 70 83 96 101 140 145 167 215 231 260 318 323 350 400 420 439 441 482
14 38 63 85 103 147 167 169 188 192 229 230 234 326 336 360 385 417 429 480 491
8 11 12 21 25 103 123 124 127 129 137 169 188 193 243 246 283 291 299 300 306 321 339 350 372 374 384 398 399 401 412 442 471 492
3 11 15 66 80 86 107 112 127 154 167 242 299 302 306 318 371 405 459 461
68 102 106 124 159 169 198 222 231 277 293 385 397 419 424 432 443 444
20 80 146 182 228 289 303 337 423
9 34 39 70 73 75 78 86 147 154 160 221 222 246 281 335 367 371 378 395 399 418 442
69 84 88 95 125 128 153 197 220 231 242 289 321 338 371 403 412 437 491 499
15 25 38 63 100 108 183 277 310 316 339 347 374 400
12 69 91 100 102 117 169 170 231 238 255 284 371 413 416 439 495
3 48 49 69 95 120 125 127 160 191 209 221 238 252 261 284 325 360 383 389 397 399 442 477
9 55 61 133 137 142 219 238 322 335 359 396 398 417 437 471 492
4 42 43 48 71 73 108 137 145 154 163 168 181 201 209 222 247 281 325 336 353 397 439 471 472 495
8 29 36 42 51 61 63 72 146 147 155 182 210 241 272 300 311 319 325 339 374 389 397 416
11 26 36 52 74 106 118 127 140 144 146 154 169 188 246 422 446 472 492
11 19 87 99 124 127 215 221 300 326 340 358 377 423 432 446 453 496
10 11 18 38 118 183 192 222 259 293 302 319 336 368 375 377 385 409 432 455 486
9 25 63 89 94 106 135 139 163 171 179 190 227 230 247 274 293 307 319 372 375 397 444 446 480 486
11 23 35 80 102 109 148 155 221 233 248 290 318 400 443 444
9 11 47 63 85 108 124 125 139 148 168 189 221 294 300 331 338 344 347 360 403 413 420 444 492
8 10 39 57 73 76 123 144 147 203 216 233 274 277 307 344 400 403 416 422 437 439 446 447 469 484
67 70 71 83 87 90 100 104 120 123 137 143 199 222 281 283 337 369 371 387 397 437 474
42 62 87 93 100 127 132 142 178 197 242 248 259 266 291 321 328 337 399 416 418 444
8 11 28 36 39 62 63 117 118 127 152 154 197 201 316 319 335 347 360 400 480
9 27 38 43 61 68 95 107 109 125 127 142 182 233 247 263 272 274 281 316 362 368 374 442 446 451 463 473 474 485
19 36 74 83 87 125 147 154 188 217 221 266 278 319 338 346 350 423 431 437 442 443
23 26 29 35 61 102 108 142 160 170 214 260 289 337 354 374 402 426 456 495 497
7 9 55 93 115 130 201 231 243 257 263 329 346 360 432 447 487 491
14 19 63 66 80 87 100 104 109 114 134 235 281 283 295 354 389 402 421 461 481
61 63 112 137 142 170 192 261 283 291 337 360 389 401 409 412
28 35 48 61 75 78 116 139 170 175 209 212 243 281 289 294 326 418 421 444 446 467 472
4 8 11 17 23 44 118 123 179 233 237 298 333 342 371 375 400 401 416 437 467 484
35 71 87 116 124 127 135 138 208 238 259 289 376 442 490 496
36 43 53 55 135 148 175 246 289 314 320 325 338 360 402 412 416 442 497
23 24 97 132 191 209 221 237 238 247 274 281 299 344 350 388 402 423 436 471 484
34 43 69 72 76 79 89 90 109 140 192 209 219 240 273 325 389 416 482 487
9 14 69 108 116 167 188 214 228 261 318 367 432 446
40 70 71 106 123 193 221 242 248 259 281 318 325 339 423 437 444 471
17 25 89 106 116 171 179 206 238 289 298 300 319
8 38 86 87 100 101 112 115 138 167 188 214 221 222 248 300 346 385 442 443 471
3 35 107 123 139 147 160 170 180 191 192 197 231 238 259 316 340 353 374 375 377 412 428 432 459
28 101 147 150 154 233 236 261 281 293 339 378 446
3 11 63 100 127 204 233 387 460
8 11 14 17 26 38 63 73 81 87 96 108 122 132 133 135 179 222 300 322 342 392 405 432 438 459
63 87 95 100 127 170 176 193 222 243 284 300 303 359 360 399 436 439 470 490
33 35 40 69 127 133 167 172 204 205 220 234 238 242 263 274 387 399 427 449 455 473 486
28 31 83 101 123 132 137 227 240 316 323 353 371 374 385 397 413 414 415 421
21 52 63 69 97 132 144 145 178 192 206 236 266 281 293 400 405 441 444 456 464 472 477
14 27 51 69 80 83 97 124 127 132 162 169 228 281 331 368 374 444 484 486 493
20 21 36 38 111 148 159 167 188 192 221 224 291 299 306 325 388 396 405 444 459 471
23 25 43 102 111 112 117 124 147 185 209 372 395 399 400 402 472
19 50 52 83 118 127 142 145 146 169 209 221 248 255 289 293 316 335 359 375 414 432 474
10 45 63 83 188 221 231 235 238 259 302 306 311 319 335 337 357 362 377 392 409 437 446 472 484 488
7 8 9 14 29 114 127 138 139 166 171 236 238 281 303 306 319 336 353 371 377 421 425 432 442 486
11 27 61 73 87 149 222 234 281 316 344 359 388 439 447 473
4 10 14 38 48 61 104 116 125 195 248 335 371 399 444 466 472 474 483
63 67 185 211 247 348 353 372 403 416 418 439 444 455 492
28 36 78 84 86 89 125 128 137 171 192 307 316 318 339 412 484 493 494
29 61 90 94 112 124 146 148 167 179 193 200 229 238 242 273 289 316 326 339 340 346 375 378 402 416 421 463 471 473 474
72 77 106 109 139 246 252 273 274 337 347 350 391 492
68 87 93 125 137 138 148 150 179 191 198 205 252 272 283 293 310 319 348 403 432 437 439 484 487
14 15 35 38 48 49 69 95 104 125 139 144 154 219 221 222 278 300 312 322 366 423 424 446
22 28 38 55 78 96 111 147 150 194 221 248 255 405 416 442 447 465 471
6 8 69 146 238 259 292 293 335 336 344 353 436
31 71 135 147 155 213 221 234 238 319 372 374 378 422 496
3 15 29 66 86 103 107 119 147 164 221 302 307 344 375 385 432 491
28 127 169 210 294 300 318 325 397 412 420 442
8 86 117 123 155 201 214 233 240 354 374 387 444 451 472 491
11 23 63 68 69 102 116 118 124 125 142 146 163 191 255 272 293 325 338 390 402 403 440 474
11 13 62 63 78 85 117 121 150 163 188 204 248 259 261 278 281 298 322 333 344 371 412 425 439 470 471 481 486
11 38 75 148 169 241 259 266 359 402 403 405 419 426 428 437 444 446 454 455 471
38 47 95 99 117 118 132 167 179 183 219 247 298 302 316 319 360 371 375 414 432 436 447 456 480
11 17 43 61 127 135 203 212 221 357 362 412 414 417 472
0 49 67 72 116 120 147 163 212 300 339 374 397 405 442 480 495
42 61 89 118 120 124 146 150 169 209 231 238 263 277 281 299 306 335 342 360 372 374 414 443 459 464 472 480 486 488 492 493
0 9 51 59 66 137 150 222 236 277 289 322 375 398 401 412
9 12 36 47 93 102 118 119 138 139 146 148 168 193 202 212 286 385 402 428 449 453
3 29 38 83 85 129 163 197 209 286 300 377 399 419 441 447 472 477
5 23 33 49 93 99 109 116 119 126 178 179 198 201 213 219 221 274 290 318 364 404 436 444
12 23 50 69 87 111 127 132 136 154 159 173 258 318 339 344 371 401 402 414 419 420 448 471 478 492
26 36 42 61 116 128 146 159 169 174 187 203 242 261 319 368 371 387 402 405 416 424 442
8 87 107 123 132 145 150 155 227 233 272 274 277 299 329 361 493
7 28 36 67 85 112 116 124 127 147 155 160 203 205 208 211 214 217 267 289 302 306 319 340 353 368 405 410 428 433 442 453 456 461 462
26 38 39 66 109 154 155 169 184 289 319 333 364 377 403 418 446 481 487 491
35 40 69 86 117 132 135 139 163 241 248 255 263 283 325 327 383 416 420 453 460 493
29 69 73 89 97 101 112 127 138 140 154 205 228 237 238 246 281 291 299 330 402 432 446
33 47 80 100 107 108 123 145 169 280 283 336 344 366 374 416 456
14 17 25 26 28 66 81 85 119 137 155 159 209 228 246 247 289 319 340 360 389 492
6 28 63 83 118 127 131 207 234 237 246 248 254 294 300 337 359 412 414 442 461
61 81 83 87 89 170 222 242 300 325 399 405 443 455 497
13 40 63 86 118 147 148 170 206 213 214 222 241 313 319 328 330 356 367 400 402 437 462 471 477 484
36 60 67 81 94 107 126 140 145 207 231 255 268 281 300 371 400 402 439
9 28 33 38 39 85 95 132 142 159 198 206 293 325 404 443 445 456 479 487 492
38 39 40 68 92 119 127 147 153 170 214 234 259 281 283 284 294 302 399 420 438 444 455 457
36 39 72 87 109 178 190 214 306 324 361 416 442 443 490 496
0 12 55 60 109 118 169 192 214 231 260 265 319 329 360 418 425
18 23 138 152 190 240 246 281 324 325 329 346 371 374 400 402 412 414 444 459
159 208 281 299 300 303 319 364 374 420 423 432 439 444
0 6 40 123 213 306 311 322 359 362 375 397 404 419 480 495
18 25 33 38 45 104 154 159 167 189 204 220 261 277 280 303 360 368 377 417 471
38 41 81 126 148 182 187 205 238 247 266 298 316 327 329 368 371 402 415
13 28 39 69 102 105 127 138 143 155 159 163 188 210 216 222 227 229 246 281 334 360 381 405 418 432 453 455 463 477 490
2 43 45 51 57 80 81 87 117 121 155 160 248 289 306 340 444 456
40 43 67 85 91 227 246 282 295 300 330 347 368 397 404 420 470 495
9 36 57 59 63 116 132 137 139 210 230 300 311 350 389 399 405 409 471 482 495
26 106 117 127 163 246 258 274 288 353 429 479 490 492 493
3 25 55 67 68 99 117 119 152 153 169 185 213 214 217 222 232 233 234 246 247 266 287 318 444 456 490 497
42 61 107 109 118 124 182 230 329 353 399 440 471 480
29 36 42 52 62 63 93 99 105 149 150 172 205 209 266 267 317 360 377 387 391 432 442 463 471 473
38 55 132 146 221 300 326 402 490
4 31 48 51 62 67 69 76 83 116 123 150 186 209 215 219 234 253 274 289 293 311 325 339 359 371 402 442
17 24 34 59 63 74 87 127 152 167 178 289 328 337 353 368 432 439 456 470 492
5 69 83 116 126 127 139 140 150 163 173 179 221 227 247 292 398 436 472
7 11 23 35 69 97 117 124 132 140 155 282 283 324 353 378 415 418 420 435 454 478
10 18 31 38 60 63 86 100 145 193 212 281 348 360 374 389 446 495
12 109 112 118 132 178 221 231 257 316 318 326 332 337 378 402 420
14 23 34 40 48 54 85 119 127 161 246 282 316 339 360 366 370 395 416 420 444 471 482 484
17 24 39 63 73 74 127 152 166 230 416 480
55 61 69 80 139 145 171 175 178 259 266 267 363 405 409 432 436 444
41 88 116 129 135 147 150 218 221 229 231 261 282 321 339 360 398 404 460 471 497
33 38 40 62 87 119 140 146 152 167 172 191 202 217 220 241 314 431 432 437 442 455 495
7 12 14 16 28 35 48 53 62 83 87 139 142 144 221 222 231 241 247 317 322 335 403 412 445 453
7 8 18 40 46 176 209 281 336 439 471 495
28 36 38 67 95 124 148 160 182 202 203 222 233 241 247 252 281 286 318 361 403 414 416 421 422 442 443 455
47 51 63 100 138 142 144 147 150 192 455 472 485 492 497
4 6 46 50 76 83 127 142 145 146 160 169 207 234 248 318 335 357 359 399 421 442
74 75 85 145 180 231 288 348 360 377 382 404 405 425 455 471
35 36 46 80 154 182 222 247 281 289 292 293 318 352 371 385 403 411 414 423 432 445 472
8 10 123 131 233 238 274 400 402 409 469 493
17 32 38 45 101 125 160 163 179 188 219 221 247 279 284 306 310 316 331 333 368 371 377 416 456 484 495
5 25 69 80 122 125 132 139 147 169 212 247 293 313 340 344 348 364 374 392 403 405 415 423 439 482
0 17 34 60 69 132 221 276 297 300 335 350 360 415 416 420 432 491
3 15 35 66 86 93 107 150 167 176 188 281 302 312 319 330 387 395 477
36 40 46 75 89 100 108 119 152 185 199 203 213 221 277 298 306 357 368 389 412 423 437 480 486
9 14 42 43 66 67 69 95 116 118 124 148 149 221 274 277 304 389 421 442 446
63 73 74 85 102 118 119 145 191 205 242 283 318 333 342 354 377 405 412 438 439 442 494
6 11 36 80 97 106 125 138 142 145 154 217 237 246 274 364 371 409 431 437 474 486 490 492
3 38 61 160 236 255 259 281 298 371 395 402 437 442 443 444 451 464 471
3 4 18 24 25 76 95 123 169 171 179 188 202 209 221 234 245 282 299 336 358 412 421 436 439 456
9 47 52 87 107 147 150 246 306 405 420 437 490 495
10 55 61 85 87 142 174 201 217 227 232 233 238 247 277 472 481
0 69 80 123 130 132 192 204 206 219 229 234 293 298 302 303 323 325 346 350 368 377 403 416 439 455 469 482 486 490
35 36 83 106 127 171 191 209 214 240 259 300 313 334 335 348 359 374 377 388 395 397 399 441
35 50 69 193 334 366 437 442 447 456 474 495
8 38 63 147 189 201 227 320 326 336 398 410 493
8 61 124 170 215 289 311 318 350 402 416 420 477 493
11 38 39 67 83 85 108 145 146 147 159 242 274 286 289 293 377 405 412
4 81 89 124 128 130 131 170 198 222 246 259 306 326 350 443 445 456 472 486 486
