42 56 293 321 350 397 459 471 510 521 524 543 553 578 592 599 622 629 644 656 716 729 772 790 838
29 39 46 108 152 306 336 388 429 432 543 547 553 625 766 794 870 894 902 962 964 981 994
62 80 107 129 163 188 214 304 405 418 420 437 443 447 561 566 629 705 813 815 904
38 48 60 63 85 86 137 146 325 371 374 387 395 444 456 571 628 684 764 837 858 868 970
7 8 35 50 60 102 106 117 127 172 194 221 351 432 519 557 578 592 607 624 753 870 877 954 959
124 155 167 374 432 497 599 740 806 848 850 988 989 990
25 39 106 107 123 135 167 169 179 182 214 287 374 414 571 589 593 601 612 673 729 778 820 847 911 934
3 36 105 116 123 201 416 558 559 682 719 773 803 806 916
12 21 47 148 238 255 278 328 368 446 447 456 471 544 584 692 737 772 803 855 934 961 970 981
7 150 245 371 412 644 732 733 744 813 874 903 946 966 991
11 15 29 119 137 182 274 281 283 442 472 490 506 571 682 776 820 835 845 884 909
17 144 221 280 335 416 441 456 487 543 574 575 582 595 625 756 778 801 832 834 874 923
38 40 42 95 310 348 439 500 532 561 583 613 624 629 647 648 789 827 859
38 51 52 67 69 127 148 173 182 241 288 344 348 416 425 537 540 559 615 620 835 858 931 950
9 18 36 100 103 132 185 219 255 277 300 319 403 429 438 439 501 562 575 601 628 709 721 806 829 874 877 988
50 127 179 220 241 259 274 277 281 456 519 558 575 592 607 613 662 709 786 807 826 830 876 884 895 925 946 952 962 990
61 93 117 173 194 259 378 414 439 472 500 520 592 604 737 766 913 955 991
146 147 155 188 217 246 274 306 344 353 397 519 647 732 815 826 835
123 297 335 369 531 561 599 629 646 656 722 735 776 868 893 907 994
36 124 188 209 234 255 320 321 325 447 453 463 523 530 558 631 676 692 711 722 740 778 837 855 931 934 981 994
14 328 348 395 517 648 666 705 724 799 828 829 832 867 920 921 985
60 85 176 179 238 246 322 339 357 358 360 371 387 399 425 456 486 559 777 850 874 896
69 124 154 226 291 306 318 325 371 444 494 545 628 653 666 734 772 829 884 904 931 938 952 961
21 47 62 67 87 118 178 213 229 371 410 476 514 527 544 592 623 643 673 738 767 807 815 827 837 859 961
17 68 119 124 151 208 221 300 332 337 383 429 484 579 624 682 707 764 782 855 993
8 74 137 235 307 368 416 438 492 524 559 570 572 628 634 682 707 710 778 798 874 934 947 949 970
20 27 28 107 209 247 486 578 623 744 806 813 868 912 981 987
18 56 78 81 111 117 118 157 289 357 423 433 481 482 490 491 553 648 674 729 737 778 799 806 820 925 938 951 988
36 48 94 119 238 282 364 368 369 398 471 486 670 673 707 830 863 888 932
7 51 124 154 238 339 347 415 416 690 745 753 782 796 858 909 970
117 132 205 214 222 281 350 414 467 490 553 766 808 827 868 959 988 992
48 62 73 87 123 124 125 133 150 154 214 221 293 316 388 392 403 459 778 791 803 996
6 80 110 112 132 145 146 147 258 316 336 339 395 399 443 486 507 557 569 579 601 604 673 703 782 825 838 883 910 959
43 73 132 136 142 190 191 223 229 246 258 259 339 364 410 545 609 709 806 850 941 973
277 316 360 412 432 491 524 540 753 820 858 871 892 925 934 938 952 964 996
17 111 117 154 199 203 328 372 382 430 444 558 578 764 813 837 909 953 962 988 999
15 38 127 163 214 319 321 395 460 678 733 734 740 772 784 790 912 949 981
43 70 160 173 190 192 217 222 281 325 387 445 494 544 606 631 704 744 790 825 909 946 959 983
60 62 119 132 338 387 425 443 507 521 607 631 647 673 703 772 863 976
116 170 201 300 316 326 357 368 409 501 528 538 662 707 727 815 820 837 954
7 26 34 87 98 124 217 342 373 416 437 473 521 547 554 586 592 599 601 607 614 620 642 707 990 993
29 127 219 221 238 283 322 391 400 442 444 527 707 828 891 903 912 915 966
33 63 123 197 229 248 261 289 395 398 493 527 539 592 714 767 770 873 874 963 991
21 53 63 80 93 147 173 181 306 330 338 397 439 442 459 501 575 578 809 946 996
60 120 124 144 155 240 280 293 353 416 459 510 611 613 745 764 860 902 904 910
39 49 69 169 198 214 287 314 409 589 593 649 682 709 744 778 858 879 890 902 915 988
5 33 36 48 94 119 246 253 306 372 461 480 500 559 585 693 737 790 807 813 830 881 950 992
36 38 112 132 150 214 222 258 289 322 375 440 524 540 644 668 686 740 800 806 828 863 886 907
14 36 61 220 221 233 302 321 360 377 399 444 565 634 673 687 747 757 821 835 868 924 999
43 48 127 198 238 246 291 319 402 405 416 441 500 514 699 709 710 799 832 911 939 973 988
124 209 240 297 372 416 420 456 487 652 687 743 800 876 929 955
63 66 100 109 112 118 123 170 178 247 300 527 586 589 649 709 710 753 767 808 946
8 11 51 73 144 318 336 373 381 599 619 643 662 707 747 764 821 859 901 941 960 973
38 132 216 361 379 437 442 480 518 527 540 554 589 610 612 614 674 757 829 850 903 988 994
63 126 153 154 168 247 274 300 306 326 354 360 378 395 404 428 480 511 561 592 764 782 827 829 861 898 962 990
117 132 214 243 316 416 446 501 552 620 673 813 874 877 996
3 39 60 86 124 148 155 235 299 330 371 405 423 471 480 621 738 780 806 959 988 993
11 17 52 193 197 221 242 399 412 485 497 502 578 616 627 709 721 723 764 924 950 964
148 217 300 446 487 545 720 733 786 917 993
70 89 117 124 131 142 221 231 340 387 388 412 425 471 545 598 676 684 690 803 946 992
7 14 51 67 69 140 157 168 182 209 222 231 284 553 629 737 756 838 868 983
45 59 68 71 238 403 423 463 607 619 638 656 666 697 747 868 914
33 43 63 83 84 274 325 331 486 570 616 634 646 658 669 707 820 852 863 865 909
18 51 155 201 222 238 282 293 412 437 442 446 490 501 541 670 688 761 815 867 874 902 907 981
119 167 246 259 335 372 477 495 545 595 733 902 926
45 69 145 201 266 437 495 518 543 544 631 737 809 837 838 874 891 955
15 118 172 182 198 326 403 518 662 673 756 852 867 969
11 39 68 78 155 169 170 209 233 339 344 430 436 444 455 463 486 495 530 607 640 740 778 903 909 950 992
27 29 48 71 87 138 146 159 193 217 281 314 330 430 524 559 575 874 886 915 930 995
23 100 221 311 319 397 500 532 645 832 839 871
28 36 47 137 168 238 282 368 380 603 673 820 831 988
11 21 101 108 175 182 200 227 241 281 328 388 416 561 580 584 753 963
15 63 87 119 189 233 247 272 274 289 293 414 472 511 531 539 566 612 722 723 729 738 894 914 942 946
43 47 53 63 66 109 124 178 209 399 416 444 491 522 534 571 676 764 807 859 959 973
38 81 224 430 487 529 604 607 656 682 692 709 729 763 820 839 849 908 988
42 123 131 140 159 179 198 283 289 337 442 521 571 652 684 707 830 850 993
55 255 291 480 490 659 818 883 889 921
47 132 140 168 205 222 228 240 247 260 430 480 487 517 571 629 709 761 778 791 827 839 868 871 934 988
60 87 124 131 184 193 221 248 315 424 425 442 463 676 707 710 734 855 870 992
86 204 418 493 795 800 849
17 85 87 150 158 167 291 436 444 459 477 620 628 684 688 733 740 747 803 834 854 970 973
23 155 191 282 299 318 776 800
124 167 226 235 266 425 430 432 439 442 447 559 592 595 601 662 733 747 797 817 832 927 934 965 994
28 38 74 387 461 499 511 549 613 687 723 744 908 962
29 52 95 146 207 234 335 413 429 495 697 798 800 874 909 992
20 61 179 192 221 222 273 423 428 540 571 607 634 674 686 722 767 776 807 876 919 974
25 26 56 108 148 193 277 293 314 346 356 432 542 553 561 666 699 721 729 813 832 849 904 953
47 191 217 291 334 335 414 480 539 543 561 709 797 910 930 994
36 124 132 138 146 188 209 234 259 291 306 320 321 335 414 420 442 463 493 612 624 628 711 712 734 750 780 883 938
81 116 139 147 188 220 306 321 356 586 613 644 662 665 682 778 855 885 901 938
119 151 179 195 317 353 471 477 493 570 631 656 722 732 734 852 859 861 914 950
11 57 78 124 209 238 246 250 291 373 521 594 604 825 901 960
15 40 129 132 142 173 182 238 259 277 285 322 360 442 463 467 486 492 521 614 668 704 772 789 799 821 831 836 893 920 961 988
43 59 219 258 318 357 575 582 612 628 673 710 733 767 905 959
40 41 138 146 154 213 233 234 316 360 410 517 536 539 578 631 773 808 811 826 828 959 986
9 63 137 360 374 399 432 540 570 586 593 628 658 674 722 801 859 861 874 931
33 47 55 63 97 111 118 123 140 299 335 357 402 414 416 425 447 553 559 579 743 750 821 838 879 907 917 930 987 994
43 62 93 124 132 144 258 482 546 571 595 668 674 707 764 914
20 39 51 107 149 178 213 398 416 432 552 570 795 807 808 826 870 896 994
17 48 71 95 198 212 222 233 291 318 375 384 416 437 477 480 575 587 679 727 729 733 740 764 815 941 996
14 219 233 246 290 322 344 405 416 441 471 540 553 648 662 678 738 812 840 974
43 55 69 188 216 237 300 371 387 625 634 732 753 800 999
7 36 119 150 159 166 214 417 534 543 672 831 860 863 925 930 931 981 988
5 8 125 127 137 230 319 378 397 404 456 511 524 542 545 553 723 887 942 946 970 974
53 87 120 127 155 207 293 353 377 389 403 409 459 471 518 520 604 611 613 656 914 973 998
6 40 77 146 218 222 238 249 335 429 432 459 592 707 756 764 783 820 915 992
11 39 69 72 89 212 266 338 364 437 453 467 495 538 578 631 652 656 673 879 904
69 436 532 577 589 715 737 782 861 962 965
62 111 222 259 283 332 356 374 405 409 413 442 553 595 752 764 786 863 902 925
81 127 148 178 201 281 289 293 467 472 485 553 591 625 758 808 820 901 916 966
5 49 132 285 298 368 409 432 477 628 649 663 707 769 808 811 813 827 849 851 879 890 902 909 915 988
16 155 212 218 246 305 329 336 375 395 422 456 530 542 628 722 723 727 764 820 837 842 864 955
11 21 29 135 353 377 399 404 416 482 497 527 545 571 592 614 625 628 682 700 753 883 892 992
11 47 127 148 166 168 191 238 274 278 368 380 446 516 544 571 584 744 814
38 154 221 247 306 310 326 330 344 348 439 459 493 520 553 583 592 623 629 789 826 877 985
23 48 56 150 293 330 371 558 580 614 666 688 729 852 961 962 988 989 993
3 86 201 221 322 339 423 477 553 604 709 732 806 808 832 909 994 998
38 97 127 128 173 198 291 300 430 439 444 592 697 719 759 832 902 946 993
45 62 78 127 145 233 255 367 377 405 416 425 430 437 442 514 518 631 699 740 764 778 815 820 826 827 838 858 878 891 904 930 992 995
14 17 36 39 72 133 160 302 377 444 531 546 553 634 733 757 874 879 886 924 963 970 972
11 12 39 52 99 102 139 154 194 197 266 291 318 402 462 472 545 561 743 800 868 903 924 961 993
3 50 147 209 238 289 336 377 477 553 765 799 809 912
39 51 86 182 281 289 318 368 398 399 416 432 437 729 795 925
14 51 85 185 209 222 233 277 336 399 444 553 595 612 838 868 976
60 221 259 375 402 445 456 485 509 527 704 879
87 111 123 127 221 371 414 437 444 459 481 521 541 778 780 833 863 938 961 994
106 119 150 281 289 303 374 387 399 453 471 526 531 545 571 640 732 876 881 903 927 962
33 50 52 104 132 187 221 233 319 474 571 642 656 657 733 752 781 828 830 956 960 963
71 107 108 209 259 297 348 380 415 490 553 559 584 629 662 664 665 687 705 724 868 876 929 998
7 17 43 93 130 176 238 280 290 398 592 671 682 688 707 737 790 813 840 855 874 990
69 80 127 148 181 201 209 217 238 240 320 324 330 376 397 472 481 509 524 542 800 902 946 966 996
47 116 145 280 338 346 371 403 414 437 490 539 647 721 764 772 785 873 899 903 961
233 416 465 575 624 674 718 800 840 955
25 107 139 140 277 291 299 300 331 442 446 541 578 603 614 625 644 707 834 837 852 903 973 991
26 61 62 121 146 183 231 306 336 338 368 399 403 459 516 601 613 621 677 721 854 894
39 203 221 234 327 333 338 350 377 466 521 527 572 583 592 628 679 783 806 814 835 893 941 946
8 36 59 132 169 212 216 409 461 487 507 589 623 629 660 827 890 954
71 74 83 87 159 217 229 289 430 514 527 559 709 737 820 828 878 908 915
3 21 76 81 169 180 266 274 329 344 377 464 539 553 592 656 709 731 764 807 829 837 902 921
39 67 69 127 246 261 316 347 374 439 586 631 668 707 767 812 837 902 914 970
3 109 117 133 146 168 188 197 260 274 281 283 339 353 377 378 397 404 420 577 589 619 620 628 805 868 990 994 998
52 94 160 221 283 289 412 425 451 521 656 666 773 799 811 827 917 949 960 962 996
38 190 405 497 650 831
7 23 26 80 118 148 240 472 484 511 549 709 732 737 833 874 885 903 908 925 934
69 261 274 444 447 603 664 722 800 832
166 279 281 289 303 312 325 374 631 737 809 849
72 166 168 209 247 263 358 481 592 599 652 669 679 710 798 806 871 897 941
159 248 299 307 472 530 538 592 658 709 716 722 773 781 807 827 908 959
174 212 218 238 375 400 592 601 707 741 764 814 832 877 879 901 903 915 925 961
29 274 302 414 417 480 509 664 709 737 798 853 870 994
3 36 138 246 248 283 316 337 371 459 500 624 629 631 670 673 773 794 799 863
27 91 127 147 150 155 238 242 336 424 584 770 799
33 34 69 93 117 135 195 209 300 316 432 538 553 656 805 837 871 901 945
87 238 334 342 366 373 415 437 465 472 507 540 553 612 629 634 682 707 773 808 827 832 961 988
7 55 69 189 195 209 368 377 414 432 437 553 666 756 790 837 874 875 901 992
22 40 62 167 193 208 321 338 412 413 419 471 511 542 545 547 567 574 589 603 673 820 891 912 950 954 961
35 145 205 291 368 416 509 666 886 961 986
83 87 101 221 395 443 444 587 595 625 707 727 807 809 873
107 155 169 241 387 447 451 463 472 502 530 553 704 806 881 903 952
9 48 124 132 300 306 314 319 334 465 486 520 521 558 599 644 667 738 752 756 790 874 877 891 902 959 988 993
53 127 167 189 219 221 255 293 300 534 571 599 682 851 894 963
47 66 87 109 399 404 423 437 447 472 859
18 20 27 71 118 131 132 138 185 321 404 482 543 553 592 601 604 652 756 813 868 871 912 938 961 981
28 40 67 124 139 188 191 492 527 598 600 613 647 699 728 753 756 800 839 891 959 981 988
48 112 154 289 299 353 378 409 413 497 669 728 797 807 879 902 910 994
15 40 47 138 154 209 240 292 314 316 338 364 773 858 917
35 36 48 96 99 117 118 353 395 402 478 482 558 566 572 601 603 623 691 699 706 709 767 795 807 868 886 901 908 934 952 966
12 17 33 85 144 316 319 341 446 457 480 500 559 574 669 729 735 778 789 852 860 908 930
148 222 330 366 527 584 613 629 658 746 771 925 981
52 114 123 344 353 372 402 432 453 510 545 553 673 709 782 800 832 934 955 989
8 14 24 63 148 224 326 327 331 356 437 516 601 736 753 778 808 855 973
25 107 109 127 148 151 154 163 222 242 375 395 442 521 538 540 568 570 606 618 631 676 780 789 832 838 849 861 874
38 69 73 85 106 167 197 247 318 395 402 442 444 473 482 510 575 607 647 688 692 721 733 811 815 820 837 844 871 874 889
7 50 135 153 168 300 344 418 448 471 516 553 559 571 592 764 835 898 903 917 949
61 117 147 183 188 209 219 255 293 377 444 480 595 623 629 648 666 669 682 800 809 894 931 963 974
5 69 120 187 224 241 425 428 490 510 546 553 557 657 664 692 753 807 820 831 879 973 976
11 72 138 266 277 440 553 585 682 778 879
85 112 116 152 173 263 360 422 429 536 537 550 647 664 676 696 759 863 903 959 963
42 85 117 212 325 430 444 504 592 644 652 675 677 721 767 806 827 909
11 62 81 339 404 431 442 486 527 575 742 784 803 926
17 23 50 108 158 212 319 388 439 459 484 495 684 699 874 902 903 933
63 86 89 140 141 148 159 179 198 281 283 289 293 318 327 337 436 485 521 543 571 652 704 707 733 884 925 948
47 51 169 179 188 191 217 289 306 316 334 409 456 487 507 519 523 529 531 546 554 607 894 903 924 925 930 954 959
3 140 159 179 198 266 283 289 433 493 521 540 569 571 595 647 652 670 729 807
124 160 219 222 248 255 377 530 558 719 837 855 884 931 981
3 35 63 66 87 140 198 221 425 487 523 551 553 631 767 925 950 996
10 21 72 83 172 191 252 255 364 381 425 553 649 724 803 875 884 963 981
83 91 104 154 204 287 311 339 360 418 425 437 486 543 553 561 647 656 675 682 800 851 937
137 261 319 378 404 456 480 539 553 916 973 981
14 67 116 183 216 258 261 399 405 416 444 480 544 569 628 666 800 803 806 809 813 921
11 36 98 150 171 205 221 275 300 360 523 536 553 662 674 782 800 802 808 876 901
8 39 51 83 87 109 116 123 221 398 416 432 463 474 519 571 599 606 612 675 729 738 773 795 806 820 827 907 955
26 36 188 274 374 400 460 565 607 627 644 677 733 903 915 956
0 47 142 214 221 233 360 375 490 584 631 653 756 855 860 868 877 907 938
87 130 137 215 216 319 374 397 480 516 553 699 879 963 988 994
36 38 325 409 439 444 522 555 764 807 902 904 914 959 973
11 28 41 59 73 284 316 351 357 395 403 482 546 636 653 672 673 688 729 764 924 925
71 102 243 274 404 449 456 495 543 656 660 800 903 908
14 104 152 238 274 300 325 342 395 396 401 545 605 612 623 707 721 755 764 871 884 907
81 148 170 338 445 622 674 707 772 876 959
38 43 231 277 368 430 471 530 546 603 673 843 895 992
36 38 73 155 190 322 359 361 405 432 650 670 707 723 780 831 842 860 908 990
63 112 148 360 501 536 542 545 615 653 667 721 772 876 886
160 170 516 624 627 753 800 801 908
11 46 61 140 146 278 293 353 359 364 466 533 566 628 707 732 798 845 871
9 12 137 140 163 259 371 432 472 501 744 868
55 61 117 147 170 188 233 261 287 377 415 545 559 629 647 648 667 798 884 949
87 101 111 169 259 274 416 443 456 471 486 558 601 752 756 786 806 826 871 913 925
14 38 219 287 402 416 442 471 502 540 628 837 891
24 123 148 150 274 381 419 439 521 717 815 873 899 901 934 950
0 7 43 257 273 314 330 336 409 575 592 604 622 776 784 806 827 908 996
61 173 231 277 350 368 410 488 557 601 648 664 709 799 855 867 895 981 998
5 11 40 42 127 147 178 314 318 367 374 405 416 418 460 527 592 628 631 815 949 999
20 27 124 147 184 222 399 412 478 511 586 628 729 778 813 855 868 885 912 925 938 953 981
1 11 23 47 90 150 222 231 402 444 534 547 553 571 682 720 855 955
35 155 162 183 306 322 339 364 368 387 399 459 487 501 559 612 618 669 722 821
17 92 119 208 219 248 322 371 377 592 622 764 782 884
87 127 147 188 234 280 307 387 395 416 443 444 507 509 587 625 656 758 807 873 912
5 21 29 38 40 106 125 189 204 274 279 346 371 374 405 432 490 668 709 767 910 925 934 951
83 106 146 160 248 300 325 371 439 520 543 597 628 744 772 798 807 989
47 57 109 339 420 476 480 500 544 559 613 624 673 707 740 807 859
14 20 40 47 51 137 146 255 283 346 412 446 455 482 487 490 555 670 773 795 803 824 902 934 964
123 138 154 209 233 289 293 314 338 472 500 534 539 708 713 747 752 817 851 934 950
14 73 125 169 205 213 238 259 266 272 320 324 372 382 481 509 524 592 674 722 783 902
36 49 209 336 395 487 546 558 590 592 647 707 722 738 832 870 909 910 931 963 988 990
49 125 127 131 145 169 208 217 274 283 289 482 490 518 530 553 592 664 707 709 722 744 780 782 926 941
216 260 311 319 420 426 484 495 522 807 871 874 879 933
3 104 123 132 284 322 432 477 753 877 903 913
26 93 100 121 123 219 261 322 325 369 472 509 538 586 603 622 648 670 751 776 794 799 828 845 907 953 959 994
43 50 63 69 119 335 351 377 398 514 536 545 547 571 619 666 707 710 858 949
9 53 61 139 214 253 319 420 439 446 486 488 490 623 722 800 903 904 924
33 63 127 266 471 504 570 616 652 658 721 733 772 784 790 837 852 904 909 912 952
14 48 81 242 246 261 324 369 539 570 571 586 594 613 629 710 806 828 845 884 959 964 992
3 147 188 222 260 280 307 416 446 634 656 942
89 300 318 326 348 418 553 571 673 690 705 724 912 913 929 951 974
17 193 219 375 399 518 616 709 753 805 871
11 15 38 81 146 157 319 371 416 639 676 734 769 827 981
5 7 14 39 83 86 143 188 221 246 257 289 363 364 402 405 411 437 563 576 592 612 624 709 729 748 852 893
68 69 87 138 202 284 300 387 395 447 599 623 631 753 781 800 909 959 990 999
88 182 222 342 374 375 396 405 435 490 631 709 721 832 894 907 917
29 87 143 155 186 188 300 432 571 586 613 631 636 723 778 868 915 998
21 63 132 155 173 248 283 318 321 330 399 473 501 521 545 561 575 578 592 647 699 716 806 809 828 859 983
48 71 78 87 127 154 159 217 233 255 425 430 437 559 778 815 877 879 915
63 140 217 293 412 473 478 521 554 584 594 595 617 722 757 885 889 907 993
63 102 140 159 193 219 257 293 318 377 385 444 692 753 817 827 874
89 129 130 220 234 360 486 536 571 592 623 673 729 776 806 827 828 858 874 893 944 963 996
26 38 85 318 377 403 456 540 553 605 662 679 870 910
12 19 29 70 81 127 215 224 319 328 415 442 474 511 512 529 553 558 579 601 628 709 790 795 871 894 908 912 946 966 974 993
36 61 66 67 71 146 388 405 409 432 445 494 501 553 555 571 601 690 767 799 808 815 817 820 892 981
42 90 193 195 291 385 398 399 512 542 558 592 619 703 709 782 808 817 829
8 36 100 248 336 342 351 363 373 389 403 437 538 546 562 604 673 707 744 782 800 821 876 909
53 93 241 257 338 357 459 637 767 790 832 894 970
28 43 67 69 124 139 147 155 243 266 303 344 457 519 527 604 647 689 722 767 815 829 835 852 959 981
21 33 219 238 283 289 293 456 543 553 634 682 683 704 783 863 981 988
53 61 66 93 139 179 338 418 459 491 497 925 934 964 996
17 158 190 209 238 259 283 300 374 382 459 465 471 592 606 674 684 699 806 973 983
40 61 81 129 147 169 325 358 604 660 755 808 815 844
16 17 85 123 153 182 289 446 486 500 534 708 764 817 851 873 884 892 921 929 934 938 987 999
29 86 149 216 289 306 444 545 571 614 628 700 723 815 863 892 938
0 95 140 160 238 371 423 444 622 766 782 962 994
11 39 99 100 123 208 214 287 478 531 595 601 673 767 778 837 849 858 871 909
20 83 93 135 214 274 303 460 540 619 668 766 789 797 827 939 964
3 143 271 286 442 464 478 493 505 553 595 601 647 656 706 709 714 729 782 818 827 855
68 159 209 233 336 344 436 455 486 495 538 607 709 781 908 973 992
48 52 71 78 124 147 186 209 259 283 416 437 480 481 538 640 669 710 764 778 807 837 858 873 925 992
204 210 212 218 375 439 442 723 764 782 813 827 836 868 894 907 998
67 108 119 331 416 432 555 561 611 710 769 815 870
14 26 43 81 123 188 216 234 238 246 286 293 304 325 330 368 377 387 541 619 634 642 716 737 766 806 821 867 981 992
9 83 85 108 124 148 171 176 214 351 559 573 580 624 756 847 870 994
19 38 102 104 223 233 327 516 595 625 681 709 729 738 860 883
39 52 68 191 331 336 402 432 493 545 624 673 760 813 849 852 911 959
5 67 85 146 222 246 252 375 395 412 472 527 542 592 599 624 631 722 807 832 868 873 909 912 929 973 981 987 999
21 90 155 235 335 344 544 565 631 721 782 815 969
5 125 137 155 159 207 224 230 525 538 545 557 561 577 612 624 709 750 780 781 908 929 963
36 39 40 432 592 631 639 645 690 712 806 837 852 864 911 950
38 85 306 311 360 418 439 444 456 461 485 490 553 570 580 619 629 673 709 723 780 870 894 902 924 988
81 93 135 163 375 487 524 527 656 661 668 707 738 764 832
29 34 71 85 87 99 132 212 217 221 236 326 387 473 484 592 594 610 634 706 715
62 63 198 221 227 518 544 571 646 730 734 764 773 805 855 904 950 963 995
38 76 111 255 303 327 399 453 547 640 732 818 903 927
47 127 159 202 203 235 374 709 829 909 934
154 328 531 752 783 850 966
430 487 607 682 729 820 839
49 61 62 68 138 209 233 344 360 368 403 410 436 455 486 488 495 557 607 668 711 808 829 840 855 988 992
35 89 198 592 628 733 764 996
22 25 62 117 123 131 140 337 440 442 495 541 558 567 614 644 663 699 707 830 992 993
19 43 55 164 259 330 416 601 620 715 721 849 874 886 948 994
8 147 163 321 344 387 453 472 689 808
38 86 127 137 314 322 330 402 439 502 539 540 566 598 619 647 656 756 782 930 966 973 981
63 86 140 149 176 209 323 336 395 424 445 471 488 571 592 603 656 667 723 767 822 871 892 924 938 990
4 39 50 51 170 180 214 261 300 369 388 398 416 432 638 660 707 722 735 776 795 829 973 988
36 77 100 127 166 183 283 357 543 699 764 806 983
73 95 127 161 169 188 252 289 293 316 318 367 437 440 513 595 721 734 795
3 69 116 125 127 131 145 208 319 375 390 530 585 598 744 759 955
33 51 69 142 235 318 321 423 483 575 606 647 652 697 733 758 815 859 875 994
123 179 190 205 238 374 377 399 486 504 521 530 716 725 764 820 827 876
40 80 119 195 209 290 293 356 371 379 397 416 486 546 582 592 732 748 867 874
12 47 67 87 127 155 274 371 444 461 494 586 601 658 666 667 679 859 914 962 993
67 69 117 140 147 189 215 374 380 412 416 504 521 620 629 644 652 655
36 73 83 124 138 210 281 377 402 416 433 439 477 493 511 516 604 624 628 647 648 666 673 785 794 938
29 93 131 144 209 293 307 442 464 540 699 753 773 831 845 874 893 909
166 182 201 231 282 356 360 375 416 481 524 586 623 629 808 963
42 71 87 109 147 159 209 217 281 293 353 377 430 432 553 559 669 684 778 828 850 907 909 915 925 931
72 85 172 184 191 300 440 559 583 592 634 729 827 863 990
124 142 163 227 317 325 410 486 487 546 590 647 656 771 799 939 963 973 992
132 173 176 190 209 222 228 287 347 364 371 514 521 524 546 553 575 586 592 595 601 686 820 941 986
23 66 167 205 252 266 284 325 430 523 593 595 623 662 664 707 709 767 891 962
14 50 83 147 238 404 416 465 527 540 545 599 612 629 753 773 780 799 809 827 861 871
116 127 150 153 387 414 439 592 743 915 938 942 991 998
4 62 121 169 192 364 474 484 607 678 740 764 820 875 915
42 100 132 146 161 229 237 238 259 320 324 360 509 524 536 546 595 896 902 942 963 993
11 25 87 93 99 161 192 281 314 389 418 430 500 634 673 717 729 755 827 948 961 993 999
26 48 106 198 293 338 342 402 439 444 470 501 571 578 583 595 613 737 780 803 827 871 927 934
14 78 116 203 238 246 259 318 339 347 405 442 444 445 520 553 557 571 796 806 832 909 961 964 992
14 20 63 100 123 148 166 227 255 266 293 327 377 416 419 432 436 487 540 545 555 560 586 623 764 769 773 795 803 806 817 832 911 934
8 39 63 188 229 246 281 332 465 531 569 572 592 627 645 676 756 866 986 992
26 51 87 93 131 144 179 267 277 318 377 382 403 456 540 553 592 656 679 682 699 704 876 910
80 140 163 259 371 432 472 737 833 885
29 33 69 86 106 149 155 209 213 439 456 546 567 569 570 604 723 740 744 778 808 892 930 931 938 988 992 996
66 145 212 377 543 671 738 809 905 942 988 992
293 377 416 466 553 560 604 616 634 682 783 878 988 992
121 258 335 344 439 472 603 669 670 717 719 807 929 950 954
33 63 100 123 132 145 146 222 266 359 446 511 521 553 601 603 829 892 955 988
43 107 132 136 142 160 247 248 293 318 325 364 369 464 472 584 656 740 803 810 972
117 232 236 387 441 487 520 553 733 793 843 883 885 886 924 959
14 42 111 125 132 182 187 248 293 331 360 402 471 493 527 546 553 592 623 626 644 650 656 657 701 709 729 800 812 838 876
43 319 403 445 490 586 651 661 775 827 835 837 879 904 961 992
19 72 238 291 360 412 469 471 539 558 592 652 656 668 709 738 778 798 851 868 874
5 48 85 87 190 221 465 473 521 548 595 598 666 682 684 706 747 856 917
38 40 112 185 247 429 601 604 660 808 844
83 402 429 471 510 586 607 709 876 877 913
40 71 127 145 351 403 404 477 497 598 601 611 628 729 814 840 963 996
57 127 201 241 274 277 286 352 446 519 592 612 644 742 843 901 903 904 952
43 67 106 127 166 172 193 222 257 266 300 326 335 414 421 516 544 550 571 610 689 767 807 812 925
18 36 39 83 248 339 405 545 592 639 675 686 709 744 800 815 908 959 988
127 133 159 183 289 412 444 480 625 666 740 758 771 778 800 809 813 894 916 937
38 68 227 234 259 260 420 432 444 470 545 553 604 624 633 647 682 753 870 906 996
28 63 124 139 187 231 285 322 421 423 467 527 559 601 770 772 800 836 959
38 47 107 123 150 173 222 284 289 400 509 545 599 651 815 817 828 886 903
35 92 109 111 117 199 240 330 342 368 400 477 500 592 613 619 677 737 740 743 771 840 859 963 994
22 70 127 209 318 374 382 444 492 493 529 550 628 647 673 675 773 863 898 903 907 933
48 70 76 137 182 205 210 340 424 530 705 766 837 858 941
11 69 123 132 208 226 259 335 379 400 425 431 463 673 679 709 740 808 811 884 908 925 930 988
11 36 38 52 63 85 272 278 289 371 395 400 500 547 555 559 647 669 796 826 885 964
18 199 282 313 360 501 526 536 545 571 575 709 806 829
63 135 193 293 300 307 314 321 453 456 560 571 604 647 676 813 904 912
40 62 98 125 187 246 294 443 485 577 604 624 682 716 794 852 925 981
45 87 93 119 204 280 346 371 444 571 578 662 678 764 808 876
66 70 123 140 331 382 416 444 480 592 647 750 782 863 896 907 917 959 991
74 137 179 209 240 400 420 444 480 510 545 567 604 610 709 737 740 828 901 925 931
80 154 205 221 289 368 395 416 438 477 481 492 532 599 682 778 850 903 938 981
39 50 100 160 185 233 246 336 384 387 431 442 595 599 647 699 871 904 975 976
34 85 93 132 144 169 178 188 316 371 472 527 532 603 679 682 764 881 901 902 947
22 78 87 130 152 160 215 289 432 456 553 577 583 598 729 885 909 963 981 994
43 193 347 412 432 524 592 611 709 729 754 758 909
63 107 455 480 571 799 871 981
100 117 127 132 155 168 205 229 241 246 247 274 318 399 403 422 437 477 592 640 759 769 806 827 891 926 962 966 988
68 132 209 233 266 319 344 353 436 438 486 495 553 555 607 684 955 988 992
35 40 43 72 119 127 167 221 339 342 360 403 414 441 497 509 545 555 623 631 653 661 696 709 722 790 800 855 871 879 880 885 893 904
3 67 75 137 155 216 247 350 374 400 471 490 527 571 601 628 774 806 808 828 848 850 970 998
12 15 35 48 66 72 119 154 201 221 261 293 353 403 442 449 557 622 623 693 696 791 889 930
4 66 85 150 219 300 307 324 339 481 524 599 634 677 732 756 790 800 808 909 934 954
11 61 79 142 155 186 209 303 335 423 439 442 444 477 481 534 540 668 699 720 729 738 813 830 831 874 937 973 993
11 25 63 83 93 119 146 180 190 231 293 410 418 571 625 673 755 782 799 819 891 996
3 5 42 236 274 400 412 472 532 542 647 648 667 710 737 826 874 896
62 101 119 145 222 326 420 442 472 519 553 571 595 722 807 863 925
24 117 147 160 163 182 209 221 246 402 477 487 501 569 683 705 709 852 933 955
39 61 129 153 219 240 319 327 374 444 466 527 531 549 732 814 989 996
60 68 148 154 204 209 281 318 324 387 404 495 559 601 647 648 692 721 799 900 902 938 942 948 994
9 69 93 108 123 127 192 201 221 423 444 481 737 753 868 877 930 950
36 38 60 62 73 89 127 247 281 387 560 604 616 682 690 745 813 863 904 938 942
7 35 219 245 248 268 280 377 603 644 675 720 733 871 884 894 946 963 988
8 36 39 47 55 94 124 136 145 271 402 471 491 519 578 666 670 724 744 782 784 800 827 838 859 894 976 987 995 996
119 146 159 162 169 188 213 214 289 410 432 517 607 807 879 889 912
43 53 107 139 192 233 240 299 380 415 429 446 619 622 629 631 782 873 961
9 17 19 28 38 43 160 219 238 328 366 432 530 555 576 578 583 595 626 652 734 738 790 815
14 66 163 190 234 325 341 377 518 534 559 669 697 756 867 902 903
87 102 274 307 338 471 472 495 629 662 719 817 876 879
7 14 39 40 68 390 423 432 509 518 595 623 656 682 709 744 748 835 852 885 898 915 938 950 974
36 118 124 186 221 254 274 306 364 409 416 483 490 519 571 587 619 682 699 806 813 827 874 950
79 201 228 378 444 477 500 517 518 592 668 722 756 827 863 946 987 991
50 127 137 140 170 293 300 307 318 359 366 404 430 450 492 543 559 572 607 694 707 720 868 909 913 926 934 949 959 961 992
14 49 62 66 81 104 107 116 163 173 183 230 258 437 438 518 590 601 647 674 772 785 807 868 873 899 902 903 914
39 52 360 416 471 521 536 538 578 669 729 837 852 956
9 24 86 247 322 331 405 432 460 518 542 553 827 831 891 907
17 70 132 195 316 328 382 416 480 608 614 624 644 656 720 782 812 825 832 870 992
132 233 347 361 371 416 471 592 668 709 723 780 798 842
21 33 51 52 87 119 229 289 322 351 398 539 678 769 772
69 71 102 188 204 210 274 374 423 439 447 480 546 559 610 627 648 673 729 901 907 917 929 946 962 966 988 994 998
40 71 100 130 215 403 477 497 592 601 607 611 662 806 840 844 925 963 994
4 43 135 246 324 360 430 592 599 669 695 720 808 879
13 104 135 170 208 222 325 374 405 416 477 490 496 559 607 613 619 625 782 836 893 901 959 988 994
0 48 106 132 187 234 246 294 369 474 493 559 594 626 637 650 656 710 722 889
7 48 63 85 92 123 146 154 318 322 324 395 402 482 571 575 592 615 619 622 652 706 729 803 806 948 955
8 33 51 66 124 154 159 173 233 332 473 592 607 614 642 707 733 936 949
9 94 231 446 495 534 561 608 709 804 829 863 891 931 934 939 963
8 11 16 47 51 61 119 127 179 190 274 350 371 412 418 497 521 552 575 601 652 669 717 780 815 825 827 873 931 961 996
12 43 49 124 125 180 187 212 259 381 432 437 568 571 577 592 625 699 700 716 753 794 812 825 829 867 927 981
6 9 11 62 119 139 205 209 247 261 277 284 378 420 442 449 546 593 693 722 803 903 931 961 994
47 71 81 91 123 222 281 400 439 545 572 629 706 800 814 815 838 908
87 97 144 318 443 444 587 595 622 673 794 807 830 870 873 899
22 38 132 142 157 214 318 325 432 548 564 570 595 601 607 612 683 712 738 767 837 892 924 973 990
12 123 194 221 259 293 370 440 471 531 544 545 571 628 666 721 800 827 942 950 963 966 970
47 128 201 214 222 335 339 375 476 495 509 544 631 673 683 807 832 964
8 21 52 86 132 163 192 229 238 241 257 288 293 430 603 631 683 863 877 948 981
47 140 147 213 238 306 339 351 368 374 409 584 722 737 772 813 840 963
17 28 193 364 369 377 399 459 531 589 620 648 721 799 808 811 827 885
59 95 140 160 238 274 357 371 444 603 673 722 766 800 924 994
183 238 248 306 353 368 399 459 488 510 545 707 767 897 948 992
63 69 83 136 137 188 201 214 222 248 253 293 400 404 437 442 509 515 589 658 682 721 734 800 807 821 969
21 38 48 62 77 85 146 219 238 281 293 439 456 553 554 571 673 750 753 764 806 903 905 915
33 124 142 147 240 274 294 316 381 414 419 445 482 487 613 668 756 831 852 914 925
50 127 166 170 441 456 487 501 516 750 756 801 818 832 973 988
34 39 87 258 279 293 299 416 586 592 599 604 620 707 737 783 817 939 981
47 51 192 195 209 344 415 416 429 432 476 481 544 553 624 647 673 807 820 828 885 901
8 33 63 68 221 233 246 259 374 402 474 485 486 488 546 604 607 704 707 733 753 820 875 879 915 949
14 17 51 146 151 209 293 316 360 432 465 570 601 644 690 718 740 782 832 838 868 891 992
42 70 104 154 205 208 231 238 325 334 366 414 415 419 572 613 813 981
20 117 124 170 188 246 326 446 518 532 592 750 881 946 973
0 28 193 236 248 309 318 326 360 375 403 412 416 421 545 570 613 639 803 867 902 966
47 142 151 324 400 447 456 545 570 676 815 829 859 861 934 994
40 173 183 202 230 247 284 335 402 447 487 501 578 612 629 669 707 730 808 825 829 844 934 946 988
83 86 107 241 245 360 402 432 447 472 488 492 501 536 558 564 582 592 620 682 908 952
20 27 86 160 166 168 399 416 432 472 497 521 634 648 732 743 769 813 868 912 926 969 981 986
29 60 93 124 194 195 215 240 370 416 537 578 769 874 878 914 992
73 190 306 319 395 440 442 486 555 561 611 679 721 737 743 756 769 782 790 867 877 902
63 69 81 168 234 326 337 412 422 520 524 571 620 640 666 758 807 909 925
29 49 140 238 274 300 320 324 329 369 485 509 524 575 577 667 669 709 713 722 723 729 735 776 781 847 902 903 992 995 996
197 210 238 261 377 477 482 493 607 688 717 724 925 962
7 12 63 86 117 140 207 245 318 357 480 549 591 644 673 733 781 783 863 912 946
29 119 179 219 271 274 342 375 399 432 484 497 507 518 686 690 709 730 815 827
48 60 61 62 73 83 124 133 201 209 220 221 240 253 337 377 416 442 446 554 557 565 613 673 687 747 764 778 807 831 874 879 902 996
23 63 89 127 155 201 231 247 325 326 357 387 403 418 474 502 507 518 541 543 558 592 595 607 709 863 875 891 915 962
123 139 163 277 446 577 589 656 715 861 874 886 907 938 962 965
99 102 139 194 221 266 277 337 462 472 500 502 514 545 561 800 879 981
8 28 222 293 299 399 521 553 624 703 709
53 127 160 190 205 238 281 283 316 325 374 377 444 486 495 504 524 541 542 547 583 606 694 721 743 790 820 829 876 946 959 992
87 123 191 333 543 629 674 722 874
119 124 127 142 179 183 222 403 425 442 471 493 523 569 623 731 738 745 761 764 800 896 926 966 996
28 43 61 70 173 192 222 416 544 578 601 607 625 629 644 656 840 891 901 942 946 988
38 83 107 190 221 231 328 363 405 437 576 595 603 624 650 707 709 740 831 837 852 874 938
11 12 28 51 93 132 281 395 540 548 550 592 595 612 667 800 807 917 925 959 986
39 258 299 371 374 405 592 604 797
29 39 61 87 139 142 155 190 281 300 306 319 336 340 381 397 414 416 444 486 487 496 601 610 628 692 707 722 744 790 795 800 836 877 893 909 946
63 85 96 140 171 190 191 220 368 412 571 644 722 732 740 757 815 859 885
14 20 49 118 148 233 374 480 553 574 676 751 794
45 48 127 157 167 275 437 439 527 617 631 733 772 784 790 879 904 912 931
73 127 197 238 325 336 377 387 395 405 439 526 549 559 638 707 709 731 847 891 925 944 995
7 12 51 83 119 247 306 416 446 527 530 545 764 780 809 832 863 904 933
19 33 42 106 154 238 456 532 539 569 604 648 778 931
25 69 117 137 148 201 217 236 266 293 352 440 520 540 592 744 883 924 959 981
48 93 137 178 221 234 439 720 764 858 876 877 925 973 988 999
12 93 127 137 241 283 399 403 486 523 524 527 574 699 707 753 804 806 813 827 851 873 881 894 962 990
26 39 43 179 221 259 318 377 402 456 485 487 529 540 553 601 679 682 704 721 753 815 908 910 976
132 145 147 150 192 198 271 339 368 397 599 604 656 668 707 709 808 970 990
39 43 71 123 167 182 292 293 306 331 437 613 651 696 721 782 829 884 904 909 998
10 124 142 168 229 274 359 374 456 462 473 540 558 584 628 666 707 786 826 837 845 938 992 994
26 28 291 293 405 420 442 484 571 713 737 811 894 903 927 934
3 5 21 125 204 260 279 432 490 510 553 577 584 619 767 925 959
238 248 300 353 444 488 510 623 647 707 715 721 767 790 806 874 897 948 992
26 28 108 127 140 277 293 314 346 368 400 429 444 541 543 601 670 840 849 904 963
63 90 101 119 160 193 360 460 511 521 522 612 644 647 668 799 871 891
17 83 87 197 240 246 293 319 433 524 555 687 722 829 885
103 350 456 543 558 575 601 613 730 786 800 826 907
25 28 52 71 127 238 284 403 471 538 546 592 606 607 618 631 638 669 729 747 807 868 931
4 29 119 142 293 377 490 497 571 747 896 909 914
33 38 59 68 150 178 209 219 352 400 412 485 486 662 675 709 799 844 860 973 990
51 81 146 152 170 246 286 304 306 307 321 405 420 442 443 528 531 566 568 642 709 732 813 863 864 884
25 63 81 153 198 229 274 286 371 405 463 497 526 549 575 638 642 663 734
124 175 216 221 316 319 397 485 523 529 553 586 743 803 871 909 994
28 31 95 112 121 222 248 336 471 490 565 611 738 743 746 804 981
52 66 109 145 221 285 322 418 467 543 558 559 571 601 688 738 772 799 859 903 905 942 960 962 988
16 21 26 63 80 89 127 169 238 330 357 377 387 403 472 495 540 541 543 558 567 572 592 595 709 716 756 821 827 863 931 954
71 73 99 126 128 132 157 191 231 246 338 403 478 545 565 601 607 613 623 638 747 767 778 909 993
99 146 449 478 501 547 553 559 582 601 767 885 986 990
12 61 69 119 215 266 335 354 368 428 480 509 634 697 764 782 808 871 925
197 198 281 283 344 371 455 520 521 638 709 717 723 782 800 808 815 873 931 990
35 69 72 118 146 221 222 298 325 375 403 442 623 631 690 696 761 799 832 930
47 219 240 248 272 295 377 487 586 778 791 808 871 884
63 127 190 209 289 360 382 447 497 514 575 628 704 710 733 782 911 952 961
62 136 293 300 341 377 412 523 541 547 553 559 619 628 669 674 778 808 930 981 996
11 36 47 61 147 168 174 209 306 477 553 648 656 669 670 682 722 773 806 908 976 988 994
3 8 32 89 101 142 149 222 231 336 381 432 571 764 809 821 837 855 903
68 99 134 140 150 214 233 281 293 353 389 399 404 416 437 543 560 625 718 729 800 813 934 963
72 83 246 277 291 331 403 545 667 687 697 707 720 801 829 832 884 949 991
132 336 360 657 863 874 931 999
38 139 247 400 412 437 450 481 490 553 715 730 808 868
61 87 123 127 186 190 335 340 459 520 598 610 675 707 795 800 815 840 903 946
80 115 181 201 209 330 592 946 996
28 150 233 284 287 378 403 416 472 502 514 523 546 603 718 729 782 790 800 808 891 914
38 60 68 137 168 170 191 263 338 404 427 482 493 624 669 674 732 813 848 876 941 973 990
61 87 172 221 246 280 385 522 610 631 679 733 809 829 868 927
3 15 38 148 155 199 201 293 409 531 644 647 721 735 764 783 813 856 904 908 934 954
94 118 126 157 213 222 249 266 306 336 372 416 430 545 778 869 949 993
9 28 43 51 55 93 127 147 266 325 409 420 423 456 623 670 706 721 722 738 837 886 934 959
34 39 74 87 101 116 128 145 221 274 318 330 334 436 486 493 509 539 577 634 673 729 759 806 832 871 894 904 958 961 963 992 998
36 76 247 287 294 368 374 400 444 453 469 497 502 511 518 534 585 595 619 628 643 830
17 38 39 87 217 374 422 482 521 542 557 677 683 722 771 782 790 806 842 884 902
248 252 374 418 432 438 461 463 493 521 561 599 613 690 800 863 925 934
21 71 87 163 203 209 272 297 414 453 472 583 687 753 767 871 876 894 929 943 962
8 94 148 179 236 387 395 416 437 470 519 521 559 607 619 625 631 773 798 817 843 925 949 963 994 996
48 50 62 73 86 123 154 155 221 331 377 490 545 553 558 613 674 743 778 781 825 903 904 917 994 996
19 70 215 283 322 470 472 542 790 800 807 894 907 909 951
11 61 192 222 233 273 423 428 527 613 647 707 722 807
0 23 95 140 160 178 238 274 371 378 439 444 511 523 561 566 613 766 861 962 994
19 42 51 68 101 118 139 163 289 371 383 601 679 738 845 981 994
4 19 61 70 97 144 215 259 318 339 472 595 599 601 622 744 790 794 840 852 868 870 894 981
106 120 124 132 160 231 250 338 346 371 433 493 511 539 595 620 662
39 62 67 144 160 257 281 326 364 456 486 832 863 914 966
24 116 117 147 182 334 456 569 676 855 908 955
14 77 126 189 325 378 401 432 472 521 542 545 571 592 667 707 721 734 764 767 855 899 907 925 938 991
83 86 108 123 209 241 246 248 346 397 402 414 429 463 540 584 598 666 722 903 961 963 966 981
161 168 297 325 334 366 374 459 486 584 604 661 668 809 852 912 981
43 83 102 139 140 147 246 286 371 377 383 385 687 806 812 827 829 874 974
4 40 49 91 103 115 142 197 208 234 282 325 371 377 396 416 497 559 592 800 863 867 881 988
47 124 129 132 248 281 346 455 471 472 480 482 555 666 729 739 795 884 914 946 981 983
5 36 38 57 118 119 127 199 212 255 313 444 545 599 624 640 652 662 669 673 687 784 817 825 827 829 849 881 943 953
38 43 97 162 188 217 319 529 699 783 894
33 52 129 142 147 188 238 247 274 281 348 371 395 472 482 604 629 807 831 884 888 914 923 989
36 52 63 81 144 274 459 682 729 735 778 808 863 877
3 11 20 414 509 798 811 853 870 938 994
14 51 62 63 69 117 118 155 162 322 325 339 493 520 639 722 740 761 821 828 832 883 930
109 302 480 584 592 628 664 679 707 738 782 868
19 62 70 127 155 207 215 289 403 517 518 571 607 678 764 767 790 894 912
12 61 67 266 319 360 484 490 495 509 565 640 697 834 892 894 933
69 167 201 202 222 266 300 465 493 495 502 510 606 629 674 686 709 737 743 764 765 798 805 829 840 874 934 939
1 3 14 48 90 129 147 154 163 166 360 400 420 435 437 471 478 538 559 628 647 667 669 706 709 720 729 737 815
119 148 234 266 284 299 327 402 436 500 521 554 778 790 873 925
9 121 124 135 167 185 197 277 316 480 485 530 548 550 558 568 592 669 719 799 812 831 837 917 931 986 994
43 216 289 319 369 403 422 425 432 444 676 699 707 722 783 797 863 879 894 925
38 42 85 88 93 145 184 222 364 405 412 435 480 490 510 527 643 693 782 905 907 917 994
155 261 318 322 405 447 496 571 586 613 647 828 926 959
8 50 66 85 117 230 335 402 544 569 578 625 673 677 753 818 873 877 883 910 929 954 987
61 72 100 277 404 442 500 546 613 624 713 782 800 859 879 900 903 926 988
28 69 117 154 188 235 281 416 442 491 493 540 543 559 662 674 840 925
9 116 163 178 416 430 487 534 607 631 682 692 727 729 763 820 839
4 28 38 210 247 377 416 437 534 546 721 724 803 845 948 961
3 38 89 154 221 240 247 490 553 858 889 955 973
36 42 85 148 188 217 222 274 280 325 339 353 397 425 439 521 622 625 636 825 902 959
8 49 94 136 170 242 246 272 330 357 400 491 502 524 547 555 631 634 683 704 744 751 756 820 852 964 983 996
47 63 68 146 163 243 300 318 387 465 485 486 502 520 571 606 625 640 666 675 689 721 811 829 844 854 905
95 192 207 491 495 521 545 571 589 667 674 697 732 782 790 800 809 883 925 934 938 964 996
51 62 182 200 242 281 307 351 442 443 456 506 509 567 574 592 675 676 682 820 821 845 973
3 18 29 39 86 124 221 249 289 416 423 531 541 601 668 783 806 855 907 950 971 973 990
5 12 198 215 242 277 291 300 473 521 562 566 647 700 709 732 813 927
24 33 38 42 66 202 207 246 364 507 532 583 625 648 902
50 121 127 146 168 170 189 405 432 609 676 707 909 925 926 927 934 951
85 453 531 554 721 753 806 903 959 989
34 81 167 171 284 335 447 578 709 730 946
21 88 108 111 123 127 168 183 190 241 274 317 360 378 402 405 501 511 545 561 584 595 653 764 861 933 952 962 988
203 429 442 445 553 557 583 741 857 912 913 941
48 69 132 145 146 154 209 221 297 298 441 442 480 523 687 690 769 799 837 876 904 929
68 151 200 209 222 383 402 495 501 580 624 682 708 729 764 800 831 921 993
36 89 502 578 592 709 764
39 154 242 247 274 306 326 412 437 559 571 663 769 782 827 884 961 992
7 83 147 166 397 417 545 552 571 601 667 672 707 734 782 831 860 899 955
12 36 68 182 205 209 233 314 330 344 436 455 486 495 571 607 629 706 767 827 839 886 914 934 992
83 89 122 129 193 221 321 363 437 576 592 624 709 716 729 756 776 827 858 874 879 893 937 963
51 102 132 217 289 433 509 521 550 554 667 958 988 993 999
71 152 206 221 374 432 442 487 492 532 599 709 903 912 947
38 39 42 48 50 91 189 203 216 227 319 336 543 550 607 662 714 718 753 871 885 891 981
63 93 326 362 483 501 507 586 699 721 817 886 924
28 252 332 409 413 429 472 501 601 815 820 840 849 874 879 902 973
3 28 29 60 62 67 93 104 111 152 159 169 179 214 254 257 326 336 412 451 487 488 539 629 651 730 863 868 914 966 992
36 87 150 348 360 371 448 500 682 686 813 938 962 988 992
3 40 52 119 187 222 322 339 351 400 404 431 442 469 518 678 679 772 807 822 845 950
8 90 101 117 124 131 132 212 223 255 318 421 425 490 595 676 690 696 771 790 808 813 827 831 842 902 992
85 188 242 317 331 410 592 609 683 709 756 806 809 820 868 871 903 973
14 40 93 127 144 195 286 352 356 397 486 592 682 742 748 764 874 904
28 51 85 123 300 316 356 387 553 673 721 769 813 877 996
62 117 148 192 231 238 319 360 584 595 699 873 925
7 85 87 145 193 247 295 318 403 416 444 509 520 656 855 867 986
38 60 87 118 119 132 241 259 267 271 300 374 375 442 445 492 558 561 576 662 767 819 889 946 961 962 994
17 21 31 35 51 189 259 414 429 432 453 464 586 592 667 707 780 782 894 903 999
0 38 117 123 154 159 173 233 281 350 416 504 541 592 644 652 666 721 722 764 782 854 874 963 995
68 69 116 117 123 127 316 339 340 405 493 497 526 549 638 705 829
233 287 399 466 518 647 705 973 997
76 127 142 227 289 306 318 418 546 601 613 618 667 806 827 831 837 992
71 146 182 285 442 463 494 592 606 697 750 807 990 994
43 106 127 140 184 248 289 299 354 439 500 529 531 589 595 603 610 625 670 678 679 758 913 916 927 964
3 38 143 187 189 371 377 416 463 464 495 496 510 547 567 674 690 696 733 769 790 798 912 931 962
13 17 38 127 132 147 208 212 219 344 387 389 416 461 472 482 545 592 730 771 790 800 808 827 890
0 5 28 42 60 74 83 124 188 200 240 416 545 553 639 657 676 737 753 790 863 946 973
69 99 118 195 209 217 241 259 261 283 432 478 553 601 662 767 901 946 962
87 221 285 432 442 465 487 515 544 608 628 699 709 752 756 767 778 855 886
8 12 173 222 337 340 553 612
179 277 291 331 519 607 720 925 991
39 133 146 169 198 214 221 222 281 287 293 399 432 517 593 646 663 707 778 809 943
19 26 50 148 154 170 199 246 316 327 330 348 436 491 511 662 716 722 769 821 909 925 926 992
116 174 205 231 318 319 405 512 572 611 710 724 741 764 806 840 915 959 992 998
24 62 132 248 266 278 333 338 368 486 490 528 538 553 727 829 837 879 955
36 51 67 69 106 148 209 289 348 350 412 461 471 497 584 796 826 925 959 964
19 78 135 140 172 231 247 402 416 419 471 481 493 495 539 540 543 553 561 577 592 598 690 832 953
33 89 229 233 252 291 316 326 344 364 402 404 414 422 571 601 673 675 699 743 767 807 822 883 925 938 962 996
38 154 221 259 326 328 402 471 485 491 524 531 545 634 709 752 773 783 849 850 908 966
123 132 146 163 236 306 326 353 360 382 414 682 709 745 799 800 832 955 989
74 83 87 161 168 272 297 348 493 497 502 578 584 618 627 709 737 764 790 894 981
46 61 69 85 135 315 325 397 510 518 545 549 559 565 629 656 675 716 772 798
3 118 215 278 281 325 364 424 486 571 572 607 740 783 806 826 827 855 917 941 950 951 988
40 61 87 102 221 233 248 327 446 514 540 592 631 673 681 738 756 852 859 871 883 925
10 40 87 123 137 159 163 217 227 259 293 325 348 367 377 416 470 545 729 742 773 797
68 153 228 319 592 613 629 631 703 803 901 931 992
60 67 88 99 137 168 360 416 444 461 478 493 601 669 674 767 789 840 870 931 973
112 163 192 212 344 395 421 480 592 603 613 631 737 764 961 994
152 155 360 371 374 405 439 454 472 486 490 604 628 629 658 732 743 759 781 805 806 813 931 994
51 144 835 849 859 941
7 11 61 73 87 132 147 255 359 364 566 601 628 629 670 707 738 782 798 800 879 966 992
13 14 33 69 106 124 135 201 287 289 403 447 520 524 595 615 707 722 723 870 994
78 108 143 246 266 350 360 412 418 438 444 494 571 601 612 613 656 730 800 808 813 874 886 907 966 981
85 109 112 118 148 150 154 169 201 221 291 293 302 339 351 545 577 586 592 594 617 703 709 710 826 876 916 954 998
0 61 100 123 129 209 238 299 374 387 444 549 552 557 601 619 624 800 924 989
55 69 87 107 178 237 238 255 289 360 402 432 539 571 625 652 684 729 732 743 783 800 901 950 961 963
14 34 66 92 241 281 322 370 375 416 432 477 592 622 794 806 837 847 855 907 941
51 63 160 176 255 307 353 440 471 488 492 542 553 571 603 648 654 656 667 722 842
8 188 316 395 454 493 519 699 849 902 962 973
28 109 255 281 293 353 404 628 782 907 909 912 925 966
7 28 48 55 123 300 319 333 338 353 395 455 484 510 524 592 662 738 827 893 948 953
10 40 119 137 198 203 217 221 259 263 293 306 367 399 405 471 503 545 703 742 773 809 815 818 827 881 938 962
11 36 154 272 300 326 456 647 674 802 827 901 904
8 107 300 380 388 409 415 429 592 629 772 834 857 871 894 912 941 973
3 18 111 117 135 154 171 247 300 325 350 353 391 411 471 550 721 807 812 871 894
69 83 145 242 247 405 497 516 526 549 638 683 734 737 973 998
15 62 94 108 148 182 190 192 326 330 331 338 341 353 389 390 472 538 559 592 611 642 662 669 710 756 890 904 908 930 953
69 93 127 135 229 240 423 444 456 540 649 737 798 877 879 890 902 915 988
43 68 85 112 148 197 198 240 246 282 283 336 371 423 455 532 546 723 753 782 813 827 835 894
42 95 130 306 335 409 428 471 541 553 582 601 644 740 759 783 790 838 894 907 988
17 57 61 155 255 360 402 482 548 591 624 628 640 662 673 732 778 817 858 884 959 962 981
78 80 127 142 201 209 221 240 267 285 439 442 456 493 571 687 706 715 732 761 807 871 874 876 990 999
12 123 395 471 577 592 595 612 619 807 921 925 931 992
29 246 553 628 631 732 795 995
39 61 100 221 274 404 472 546 601 682 709 721 753 782 796 800 815 824 900 926 988
9 28 107 314 339 400 418 432 478 561 578 592 598 613 806 987
8 36 123 155 159 168 395 491 538 545 558 699 709 715 718 722 754 764 772 781 795 908 909 988
73 148 195 319 326 329 368 430 530 553 616 731 733 740 755 806 847
154 215 238 402 403 412 553 592 721 737 813 828 879 902 946
3 11 21 87 101 127 209 241 277 297 416 487 545 687 733 743 753 786 876 929 952 993
86 120 155 238 282 319 324 439 501 521 541 568 674 863 871 910 924 954 981 993
1 59 61 62 83 89 146 221 238 273 336 363 437 472 514 576 622 624 709 715 783 832 879
12 36 63 80 89 192 277 339 387 413 464 511 561 592 622 652 662 705 709 710 732 737 833 877 885 992
5 29 123 219 415 437 456 806 870 871
18 78 118 164 231 350 360 375 432 439 472 482 490 530 553 558 592 682 771 778 817
16 20 45 63 80 117 128 150 154 425 439 492 517 532 590 667 679 682 808 877 881 964
69 81 130 170 217 274 400 490 589 613 622 647 707 737 740 798 945 946 959
47 71 178 318 326 416 440 462 800
100 137 146 163 237 238 259 319 320 324 377 384 509 524 527 719 729 744 747 806 840 902 931
17 83 118 147 286 325 432 571 592 667 707 761 806 812 828 930 955 974
63 71 97 111 118 238 290 335 360 398 403 425 447 456 638 671 676 682 692 747 934 994
28 34 102 159 233 327 477 518 544 646 681 734 738 878 883 941
121 138 403 527 531 571 577 599 613 619 729 740 750 771 835 961
132 145 187 188 189 219 238 247 274 281 306 348 390 405 409 459 493 558 604 626 629 650 656 668 722 829 888 951
10 40 49 130 215 316 413 427 471 481 545 547 553 598 649 666 827 879 884 890 902 915 961 963 988 994
11 36 45 69 81 221 248 472 511 523 584 592 709 855 860 870 877 880 901 907
14 79 85 106 111 147 167 182 277 337 477 485 547 592 607 808 815 878 879
50 68 127 146 163 202 233 234 318 326 350 374 387 422 571 625 631 656 743 807 905 909 959
36 360 420 501 510 524 599 612 669 712 753 826 952 988 998
45 48 86 93 147 155 283 322 324 360 459 484 492 523 631 647 676 732 815 835
36 49 90 123 209 228 289 385 400 543 546 553 590 592 613 647 653 795 800 803 820 835 874 941
43 49 62 135 163 170 258 287 329 360 368 403 477 603 613 667 668 674 729 764 808 877 914 988
73 87 124 154 171 215 222 227 259 403 404 520 521 558 584 676 767 778 796 871 950 951
8 43 66 76 95 123 148 289 400 426 529 592 627 737 889 961
78 117 138 169 209 234 318 331 364 402 610 612 623 628 657 729 740 800 821 901 908 925 930
19 28 104 179 277 337 399 539 545 595 612 624 682 730 750 778 780 827 828 859 992
50 140 185 233 281 422 439 472 485 487 636 644 743 807 808 828 830 832 909 966
9 52 107 182 399 400 416 444 451 484 490 502 507 518 530 584 674 690 737 756 855 860 907 931
11 39 48 88 107 118 268 520 538 674 782 832 924 941
40 148 231 413 428 439 545 547 592 594 601 693 890 970 986
28 38 48 61 100 107 154 209 231 277 299 368 449 464 472 497 546 578 709 797 800 806 895 900 910 987 988 994
21 35 69 85 90 127 209 275 368 371 409 455 521 594 619 717 807 815 818 870 873 917
38 73 93 128 510 511 527 554 668 674 705 707 764 798 894
29 60 62 182 203 281 419 429 442 477 506 524 607 613 622 682 806 820 828 845 902
7 21 147 238 241 395 601 611 683 753 782 863 959 978 981
93 125 127 152 217 218 302 410 497 519 529 559 571 584 612 908 929 931 993
63 121 152 192 229 293 344 403 414 478 520 531 532 601 629 640 648 675 737 767 822 873 955 962
12 63 127 258 273 318 360 387 400 432 456 480 497 514 575 612 670 683 740 743 878 884 905 911
83 137 145 148 246 306 471 500 545 558 584 687 829
18 118 140 160 163 166 222 236 259 353 371 377 400 432 472 482 490 521 553 591 649 732 877
23 47 63 145 148 188 289 387 405 521 539 547 690 823 908 909 941
42 140 159 171 443 444 471 553 583 612 644 720 722 790 813 820 827 838 857 912 937 974 995
169 203 216 336 412 550 688 714 753 907 939
71 135 168 192 437 440 460 461 480 668 683 722 789 840 868 925 931
14 49 144 315 395 607 666 828 867 879 890 902 915 985 988
62 69 146 163 184 274 289 291 306 318 387 399 510 538 546 561 571 601 674 709 729 769 781 798 859 905 925 945 955 959
43 49 140 154 163 166 175 223 238 241 293 374 378 389 416 553 589 592 601 605 750 772 827 907 917 946 950 978 990
63 66 87 187 222 231 260 421 423 527 746 981 988
7 28 35 38 102 127 140 172 221 234 318 377 385 427 459 607 656 809 827 874 988
0 5 21 87 125 204 279 289 432 490 575 767 769 925
61 62 74 146 336 499 613 687 908 962
9 69 100 209 319 344 384 401 486 519 545 601 797 879 989 992
12 266 319 397 446 490 553 559 840 867 892 933 996
47 48 51 67 150 154 178 238 292 307 318 321 326 371 416 456 462 558 610 641 652 684 786 826 839 875 904 907
12 17 62 142 283 399 402 423 604 624 677 744 771 806 856 868 938 963 994
23 43 66 71 85 87 159 258 352 371 395 430 440 507 559 612 649 682 705 716 721 914 915 963 992
3 7 9 87 116 123 124 154 222 259 300 404 419 520 558 613 767 773 874
18 38 123 124 132 185 240 374 481 586 781 875 883 943
36 209 214 369 398 612 644 686 707 740 795 831 888 932
36 261 283 300 387 416 432 435 438 517 527 775 796 803 826 876 961 999
20 42 90 99 248 399 478 480 497 601 613 668 686 703 709 767 769 782 789 808 829 903
100 120 212 218 281 318 326 375 491 540 541 547 652 656 764 800
21 63 73 85 173 195 329 344 430 452 501 575 578 809 847 941
8 42 43 132 148 168 222 470 480 517 571 592 613 761 769 988 996
25 55 62 85 132 170 248 344 388 403 446 492 518 524 527 586 592 674 696 709 735 815 827 868 905
38 85 108 119 143 144 188 229 269 307 357 374 377 412 442 493 601 682 707 733 743 891 908 914 931 972
11 51 72 154 217 218 293 334 350 473 478 497 521 554 575 582 584 595 647 715 744 827 907 908 960 990 992 993
33 34 87 99 106 212 265 445 521 558 594 634 641 656 720 785 832 837 903 961
83 88 109 119 124 144 221 414 437 548 576 705 795 827 896 986 991
33 93 109 112 118 182 293 334 378 382 387 399 436 495 566 586 592 667 669 710 784
36 214 222 240 293 314 364 374 400 451 456 469 501 541 553 575 599 603 662 673 738 753 780 786 800 807
9 21 29 123 154 238 353 377 521 559 571 598 721 740 756 903 915 979
17 33 47 73 104 135 140 155 157 172 191 217 272 319 333 334 338 480 755 781 794 850 876 893 930 956
48 63 80 87 100 103 163 170 178 190 247 314 320 325 375 412 521 527 532 589 649 669 709 784 946
33 66 101 127 147 176 188 221 238 248 280 307 325 328 368 416 441 472 502 529 608 625 656 666 667 709 754 809 985
8 68 120 200 271 312 336 428 558 561 569 601 664 770 782 800 874 991
20 27 209 234 309 320 321 374 375 412 463 493 612 711 729 738 813 868 912 925 962 966 981
63 154 247 302 306 326 432 477 480 486 664 686 754 815 827 942 963
12 61 137 289 291 318 385 402 461 510 561 637 743 800 813 850 891 981
23 90 155 168 188 299 325 335 380 444 472 531 624 756 828 889 946 985 988
3 20 25 69 163 234 306 364 439 442 444 482 509 528 568 707 811 874 878
41 106 118 316 374 423 427 432 484 545 601 629 718 831 858 915 950
90 179 193 201 248 300 336 409 412 533 563 748 769 772 834 871 914 967 973
119 132 147 210 248 274 281 318 321 353 399 459 543 558 592 601 656 676 692 722 729 764 828 855 871 983
11 21 101 127 238 289 309 325 416 456 480 559 592 753
39 100 222 258 665 719 863 931
61 72 93 100 138 188 192 241 303 338 348 428 440 442 493 592 628 683 688 722 729 824 868 894 925 946 989
104 495 518 592 603 737 750 756 782 827 994
14 95 97 147 330 374 470 555 578 647 699 764 773 802 926
104 159 240 284 308 335 353 403 444 447 553 578 709 733 827 946 959 992
36 50 69 124 192 266 344 377 409 444 487 507 536 547 571 675 707 764 772 797 954
61 129 238 326 374 403 444 516 549 673 756 852 867 878 989
26 123 148 221 222 240 442 456 487 553 572 604 656 709 729 740 849
114 148 167 231 277 289 327 368 432 436 456 518 545 585 612 707 709 895 925 926
117 124 132 155 224 377 525 561 592 790 808 842 890 896 904 929 953
21 63 81 112 173 224 233 246 293 331 454 472 501 529 539 553 575 578 658 674 709 732 772 809 825 903 908 917 994
33 39 100 106 147 258 274 289 391 461 517 570 595 616 634 658 812 830 831 852 909
9 36 209 216 336 395 444 578 592 623 629 721 780 803 990
20 55 71 78 87 117 140 159 217 221 243 354 430 451 480 492 532 559 599 610 620 689 717 721 743 837 881 895 903 915 959 981
154 192 374 412 432 543 699 820 858 938 964 981
12 284 293 395 404 586 595 612 631 668 709 807 876 925 990
15 38 291 319 416 472 528 634 676 734 837 981
39 91 155 246 258 279 299 306 324 480 500 592 604 797 902
38 132 138 163 231 259 364 387 470 471 521 545 559 603 604 618 682 753 803 854 906 931 981 996
26 38 108 238 277 314 346 350 357 358 405 732 800 849 896 904 973 991
39 63 71 86 102 220 248 330 335 405 442 445 527 553 557 592 647 648 716 800 828
8 17 33 78 118 142 233 353 360 402 558 559 603 652 707 733 807 879 903 904 908 949 966 988 993
14 146 163 274 518 589 649 805 902 903 974
43 52 112 118 137 221 261 412 432 456 558 561 571 586 611 613 709 758 786 799 826 828 913 959 960 962
39 43 68 127 178 222 326 359 374 381 391 425 443 459 487 490 514 623 643 656 675 691 693 712 800 889
36 49 219 255 294 300 374 453 502 592 603 709 915 963 973
21 67 80 93 119 222 388 400 493 502 524 582 595 667 722 737 815 840 902 941 942 963
14 72 93 319 529 612 670 732 751 789 794 824 860 870 903 946 962 989 991
12 40 93 143 179 446 462 482 490 495 563 589 595 641 738 769 846 891 914 933 941 964 981 988
11 17 285 286 374 400 442 469 571 575 586 676 738 780 786 803 807 874 925 969 989 990
67 169 266 444 453 459 487 527 531 601 619 740 752 808 891 992 994 996 998
25 31 132 187 219 306 493 506 507 592 626 650 656 673 704 744 757 796 894 937 961
36 47 66 81 100 109 147 289 339 357 399 416 433 622 653 806 820 859
14 29 40 51 69 71 123 127 154 238 266 403 420 456 477 486 601 611 722 840 884 886
67 169 291 339 371 443 456 471 501 511 531 571 599 622 662 664 676 694 705 709 751 770 818 821 827 845 851 858 998
12 52 61 115 119 322 351 371 419 527 538 592 595 601 619 678 684 686 718 772 863 881 919 946
48 222 357 410 487 601 603 703 745 766 815 826 863 948 962
19 33 49 70 138 215 216 247 293 455 480 531 533 541 544 613 730 732 750 771 790 812 851 894 985
11 81 85 119 212 222 229 282 289 291 293 439 456 486 490 527 595 673 742 767 800 926
63 97 111 118 132 183 311 319 335 360 405 416 425 495 543 549 612 620 624 750 780 874 947
60 63 240 279 371 416 422 432 444 456 495 517 545 682 686 706 722 767 829 883 912 938
42 400 428 460 540 579 592 631 752 782 800 837 962 998
14 18 33 40 44 71 112 124 145 205 219 240 377 423 521 532 572 592 670 688 706 744 773 798 813 867 870 891 896 907 962 974
68 78 86 157 163 169 192 266 425 443 471 487 511 631 676 705 737 770 879
63 80 186 214 266 286 351 464 471 573 675 756 837 847 903 904 952
85 116 127 155 242 292 337 368 416 422 497 610 834 863 996
3 48 87 89 132 155 293 325 473 521 545 561 603 626 753 803 806 840 859 891 931 955 998
146 199 246 282 306 313 487 553 732 769 829
21 60 63 119 142 170 173 215 233 257 303 338 371 456 501 578 592 603 619 675 725 809 832 898
106 128 145 146 289 316 354 436 439 486 507 603 637 673 678 773 803 904 913 958
20 35 63 72 78 81 117 221 224 277 403 501 502 529 532 549 619 623 696 709 738 748 778 790 800 832 902 908 925
17 38 63 119 144 169 172 199 222 316 400 572 595 603 652 690 722 746 894 914 959
21 35 102 137 209 222 233 331 375 412 432 444 472 594 631 832 870 891 903 931
5 43 70 131 173 192 221 527 544 631 675 691 708 814 925 946
23 33 63 93 112 140 221 289 398 406 436 463 501 517 529 536 539 542 601 615 667 721 782 992
8 231 238 318 363 375 387 389 413 453 524 603 634 662 765 818 895 909 996
160 170 221 316 339 377 427 481 516 627 753 801 803 908 990 998
28 38 39 85 222 316 344 369 398 412 416 446 480 524 586 636 649 669 707 732 772 828 925 990
61 62 69 132 179 217 300 331 418 447 497 521 575 603 626 689 720 784 803 808 859 917 931 996
8 28 186 222 293 399 463 521 553 612 624 703 709
80 123 124 212 396 432 601 612 619 629 647 812 871
1 26 48 103 157 167 169 188 231 266 318 359 491 539 589 595 627 644 705 709 713 733 743 852 876 908 955 988 992
94 142 147 160 210 326 354 368 442 446 471 493 553 623 636 714 731 738 747 761 778 828 907 923 938 996
3 116 123 246 300 319 342 353 391 418 433 442 446 477 493 571 595 623 626 647 653 656 658 684 729 771 773 832 984 988
148 188 215 227 238 247 273 274 281 348 364 395 437 471 565 572 584 604 614 629 732 888 908
38 63 169 195 215 293 316 572 607 690 902 959
8 52 68 85 170 306 312 331 444 446 623 673 690 764 800 828 837 874 989
146 154 209 243 248 344 357 519 553 592 629 670 689 703 826 829 950 954 981
14 86 98 119 127 154 214 238 261 325 401 444 495 501 545 567 585 619 707 721 738 748 764 907 925 931 943
17 36 38 42 43 69 87 148 176 248 277 280 307 339 353 473 520 521 555 565 628 662 723 885 904
25 51 87 94 141 192 281 388 472 611 613 673 709 867
57 66 146 150 170 281 319 348 447 521 545 571 667 697 884 949 964
34 38 112 132 169 190 202 228 246 258 322 364 432 532 555 583 603 653 807 827 877 894 941 988
135 163 170 342 353 382 477 561 613 761 925 953 959 993
35 36 51 62 127 150 154 189 214 266 371 405 420 456 561 668 722 764 874 904 924 934 947 951 956 963 995
23 90 248 395 484 553 657 709 714 731 753 782 808 829 874 904 905 908 909 934 973 993
33 62 63 69 97 106 144 187 214 231 238 318 360 456 490 518 544 569 595 604 622 646 699 734 778 794 830 870 873 896 925 931
33 67 137 283 416 423 444 460 514 612 669 824 870
5 21 125 204 214 279 291 300 316 395 404 430 432 460 490 636 767 902 925 949
25 57 78 123 127 289 486 500 538 606 618 708 799 817 851 934 973 992
62 95 185 223 325 402 442 473 501 652 709 720 764 827 836 851 868 963 988 996
39 43 62 76 81 184 377 399 647 668 674 699 729 789 837 874 902 914 921 993
60 137 143 168 336 387 480 545 548 603 653 657 668 674 747 858 863 876 959 973 988
33 48 52 138 147 221 222 318 360 513 570 616 658 669 799 828 852 892 909 960 962
81 90 137 281 339 344 493 517 543 671 709 715 729 771 790 811 821 988
6 11 87 118 119 139 145 154 299 344 347 348 375 378 382 420 500 571 682 753 931 961 991
63 69 127 169 214 400 509 592 782 821 863 876
8 100 132 187 258 353 377 416 493 523 544 569 626 650 656 782 876 996
116 139 171 202 248 279 357 374 375 399 403 404 421 477 497 570 613 670 723 729 795 803 827 894 991 992
40 222 267 353 387 413 422 446 459 471 542 545 547 648 649 696 722 800 842 886 961
3 23 35 43 188 216 314 387 447 603 634 673 705 773 798 803 915 990
73 150 192 222 316 516 592 603 737 773 909 941 990 994
11 89 111 133 303 403 432 436 592 637 747 748 764 817 832 912 927 966 993 994
4 5 39 63 116 246 247 339 368 369 416 437 528 534 538 594 710 721 727 743 933 961
9 34 127 159 173 203 235 247 399 484 485 507 690
36 43 48 127 168 234 248 293 297 351 353 363 387 389 402 524 538 539 544 549 559 631 634 643 727 783 800 912 992
18 61 168 309 337 374 375 400 412 416 422 428 443 529 592 752 782 876 902 914 966 990
259 260 409 707 709 775 870 959
68 99 117 125 147 166 293 471 478 559 601 628 767 815 829 951
116 328 360 399 422 424 425 641 682 777
0 39 62 93 143 185 233 247 289 293 325 336 428 529 558 595 627 656 699 813 976 981 988
47 188 205 240 331 487 553 613 629 674 778 791 825 839 903 917 934 994
3 47 247 387 416 424 478 511 527 570 612 773 803 829 917 931
11 49 119 146 168 195 197 247 250 291 373 404 420 533 541 544 595 652 669 707 805 812 821 825 827 901 914 960
17 40 71 116 117 316 354 403 477 601 603 611 694 722 756 840 894
60 124 163 170 240 297 318 360 387 416 571 584 612 625 644 647 662 668 864 905 926 938
0 21 24 40 53 93 107 293 322 331 414 446 453 460 480 491 540 576 668 699 709 827 894 909
50 55 70 238 320 324 331 336 509 524 584 598 670 709 733 771 800 808 851 902 909 946 963
31 48 85 123 144 248 387 399 404 527 637 690 851 859 881
11 51 62 144 238 400 684 737 744 764 835 859 904 941 963 995
23 120 423 460 484 709 874 902 904 905 908 934
123 163 200 221 227 259 328 388 402 414 485 558 570 631 704 708 813 814 877 908 911 925
63 83 137 385 402 403 419 429 439 471 510 542 607 622 663 780 806 813 834 837 850 859 877 880 891 913 923 989 992
3 87 111 171 278 351 367 377 405 451 487 488 520 523 592 656 769 806 829 903 912
6 38 144 192 222 360 398 532 561 572 595 719 729 737 756 800 974 992
29 170 238 490 545 552 569 592 667 709 734 750 837 899 914 973
38 39 43 127 144 185 220 222 240 294 423 540 586 595 623 670 777 781
8 28 117 159 219 293 318 357 432 442 480 495 629 643 681 701 709 734 790 837 876 908
22 67 108 124 125 140 220 221 226 247 322 412 444 448 483 486 531 546 607 611 613 614 778 830 884 944 961 994
104 124 144 214 293 369 402 440 560 604 607 735 776 786 813 830 859 904 913 988 996
36 56 111 117 155 199 227 238 242 266 371 459 495 619 729 732 912 931 961
43 73 132 191 246 544 545 549 662 835 859 879 938
21 38 83 203 255 350 385 432 444 463 592 604 648 747 782 800 803 909 927 981
17 29 60 127 131 137 179 193 328 335 424 442 474 492 511 553 591 704 795 826 871 877 963 974
33 35 72 119 147 221 246 259 319 353 399 403 440 442 484 495 623 676 696 699 709 820 874 933
38 148 168 178 188 195 274 281 357 403 471 488 510 531 545 578 592 599 638 669 796 874 889 992
195 220 221 227 403 412 432 463 502 571 676 707 738 759 767 773 925 933 963
29 40 127 248 328 333 338 390 442 474 511 681 795 837 870 871 893 974
40 129 259 367 455 520 521 530 598 789 920 930 961
83 195 300 344 353 360 391 416 444 527 545 589 673 780 809 818 827 858 864 955 984
18 68 124 169 314 335 433 492 493 511 534 658 662 721 770 844 942
22 26 48 51 66 81 107 188 233 321 356 371 485 575 627 628 656 662 666 667 721 764 767 806 854 855 874 901 938
83 136 147 375 416 456 527 544 545 561 628 647 743 780 809 832 863 904 929 966
39 51 63 110 140 283 293 299 326 348 395 432 543 592 604 682 705 724 797 825 849 938
93 127 179 202 252 259 274 316 318 320 338 339 364 510 563 735 743 769 806 829 894 914 934
130 227 234 248 260 307 336 405 432 444 553 601 633 772 808 870 891 970 989
15 38 100 108 283 287 319 338 403 405 416 516 538 676 721 734 827 981 994
3 34 35 48 173 236 289 368 371 416 442 444 471 472 493 494 564 577 619 625 631 656 666 780 817 843 871 939 963 994 997
46 116 119 167 283 405 432 480 539 612 709 724 806 819 897 910 988 992 994
22 233 252 306 416 446 472 485 521 558 611 667 688 690 840 925 934
100 146 237 350 442 601 613 730 800 878
7 38 55 167 201 259 266 368 437 493 495 502 522 625 737 756 837 840 874 901 988
289 344 374 377 385 400 469 477 495 553 567 575 648 738 786 800 809 855 912 931
7 66 170 222 284 490 553 601 604 873 981 983
14 20 107 199 291 302 374 377 416 444 481 625 634 679 745 757 799 808 811 902 908 923 924
161 168 247 257 267 274 295 297 409 416 584 628 631 885 966 981 998
51 72 109 263 289 292 318 321 387 410 422 518 592 612 652 679 686 710 772 798 806 875 892 915 927 938 941
127 183 195 271 322 360 368 432 472 542 558 561 733 772 783 784 790 799 800 826 912
140 163 195 209 259 306 319 371 374 385 399 432 446 486 521 647 709 790 817 877
11 29 71 166 198 326 417 445 484 491 544 628 656 672 700 715 831 833 840 860 879 966
39 123 173 258 279 299 360 371 374 398 405 419 485 501 592 604 613 766 797 962
12 26 28 43 87 213 259 281 319 377 517 521 575 601 643 679 699 738 744 764 783 815 889 946 993
7 25 35 127 150 154 172 221 274 348 371 514 601 607 613 629 733 808 925
38 132 154 218 259 324 359 375 400 402 423 472 482 486 559 589 595 610 674 782 834 850 853 868 891 902 994
18 62 80 121 140 148 152 171 185 197 339 344 360 460 472 485 519 568 592 670 732 737 759 778 790 833 884 885
35 43 72 123 137 164 206 221 267 281 403 422 439 456 513 561 623 643 677 679 696 732 738 794 806 820 992 999
4 29 138 190 205 213 238 247 360 374 377 416 437 486 504 534 538 545 578 737 820 828 876 961 994
99 102 111 139 194 266 280 439 462 481 502 578 709 764 773 778 782 790 883 938
17 89 118 144 147 299 316 319 425 453 500 524 571 644 652 670 673 709 781 782 832 873 938 947 992 996
8 52 85 87 100 119 221 299 322 342 351 373 401 437 473 604 678 706 707 744 772 782 876
14 26 63 86 107 108 126 127 146 246 277 314 322 327 346 402 511 527 553 619 631 653 782 827 829 849 904
26 46 63 147 217 240 318 324 375 385 405 521 554 948 993
25 38 178 259 274 470 545 604 682 709 753 851 870 906 996
17 38 63 71 416 444 477 540 592 607 638 656 723 729 747 756 764 852 868 909
20 27 126 293 303 414 484 555 620 738 748 813 868 893 912 963 981
17 26 43 154 188 193 216 222 331 350 387 399 460 480 486 527 529 595 616 634 782 795 905
17 26 42 62 90 126 213 221 412 460 467 490 553 603 631 688 694 716 722 821 891 894 992
23 101 146 261 271 303 374 598 616 666 676 696 763 804 805 839 874 907
78 112 147 148 325 432 673 827 903 974
14 20 140 176 190 209 255 424 446 471 487 555 559 571 674 767 795 803 930 934
61 132 143 163 214 247 258 300 318 359 553 561 575 729 733 874 908 956
178 193 277 422 502 514 530 540 643 659 782 790 800 883
12 78 120 238 241 277 291 339 347 423 520 549 553 592 637 669 796 828 961
17 28 47 51 87 197 222 402 429 534 555 571 695 715 885
69 118 132 221 266 316 490 523 546 553 623 721 729 905 909 930 955 975
38 67 147 160 180 268 325 346 446 465 547 636 676 690 699 852 863 874 884 891
42 45 52 63 117 213 316 360 472 545 590 631 674 740 800 858 917 999
112 486 517 662 688 707 721 867 907 995
11 31 38 61 127 154 178 179 183 192 205 214 222 231 282 293 420 425 493 539 546 569 572 599 773 800 845 871 926 966 986 992
117 123 227 294 316 377 416 545 575 592 674 707 715 773 797 813 820
48 63 94 117 306 395 442 516 570 586 598 656 707 845 904
28 36 148 150 234 240 252 381 439 490 495 675 829 832 899 934 950 973
8 11 87 142 179 231 259 260 274 400 402 575 583 589 601 667 683 737 750 752 795 797 827 874 934 988 996
36 39 63 87 293 300 329 335 395 520 540 622 640 651 676 721 799 820 829 889 989 996
42 43 109 112 118 200 291 363 416 495 500 501 527 558 570 571 586 601 684 699 709 710 800 850 871 939 973
87 137 152 222 439 456 553 647 667 771 827 942 970
33 62 145 148 188 221 306 391 416 439 482 509 545 673 771 773 870
83 142 233 248 412 420 444 570 647 682 815 859 874 903 941
36 43 142 188 216 218 233 387 399 433 462 465 515 529 540 591 601 606 607 628 634 709 852 895
11 76 170 180 205 210 219 227 231 258 306 360 371 400 410 422 444 471 502 530 623 682 704 744 751 766 820 859 866 885 891 941
48 63 212 325 337 348 381 414 487 490 494 507 545 566 595 624 679 743 756 759 817 903 924
5 21 36 123 125 146 198 204 221 279 293 399 432 490 646 767 809 925
27 33 36 45 73 123 157 182 204 247 274 291 377 395 419 471 604 607 718 776 870 871 874 989
83 137 195 432 492 517 558 578 610 709 790 878 908 936 981
55 60 63 85 136 163 274 287 291 360 371 387 432 456 497 514 546 568 647 707 783 820 859 911 955
48 108 123 135 192 201 209 257 295 318 319 397 433 480 495 510 567 592 625 733 740 764 782 808 827 844 881 902 915 931 950 959
33 106 124 127 154 201 259 274 289 291 363 374 549 569 901 974 994
38 39 47 69 137 163 222 259 335 346 371 412 455 480 482 649 666 729 744 771 781 808 925 946 983
12 42 73 87 212 223 227 238 259 328 359 437 459 592 601 613 677 737 767 778 789 796 800 892 950
38 103 108 123 163 241 281 314 320 325 375 437 459 532 538 584 592 595 624 669 709 750 825 870 955
20 540 571 607 634 674 676 707 776 903 948 974
87 123 127 163 300 412 459 487 493 501 619 673 705 753 813 874 988
12 303 385 494 500 610 613 734 866 867 885 929 981
11 34 52 276 368 472 493 571 623 634 684 709 756 771 843 857 877
24 48 93 100 117 147 182 231 260 266 335 421 527 569 669 709 934 955 956 973
8 19 33 70 215 233 404 707 733 738 790 803 876 894 913 949 961
48 68 123 131 151 164 170 186 267 281 295 383 416 442 527 592 616 624 628 682 699 707 820 832 870 874 973 993 994
51 117 190 193 229 259 261 325 335 371 419 425 514 553 590 624 656 681 682 750 761 799 828 844 930 940 954 955
145 150 217 484 507 521 536 547 554 690 993
132 145 192 222 300 306 416 423 432 534 553 619 634 674 694 699 775 803 867 874 877 988
35 132 179 266 300 333 399 453 553 575 598 620 697 955
69 99 102 139 194 266 303 318 462 472 604 722 852
33 40 50 63 71 150 214 325 420 531 561 829 852 867 903 933 946
9 12 77 111 117 137 199 222 321 462 501 543 592 595 669 674 684 706 871 883 907
57 142 293 326 348 471 493 500 631 738 739 761 849 880 996
7 35 52 53 93 127 172 214 221 243 325 368 459 607 616 637 686 750 766 782 865 876 886 992
42 48 132 212 238 248 259 266 274 353 375 414 430 441 488 510 553 603 628 631 652 677 707 767 774 815 897 909 948 955 992
24 124 137 166 314 324 364 539 571 601 652 783 800 806 879 946
26 29 221 247 335 367 412 432 543 545 553 561 647 667 734 820 858 879 899 938 964 981
26 63 72 148 150 238 331 374 460 511 529 541 549 687 709 800 803 808 815 835 858 859 874 901 903 910 912 938 941
71 195 203 238 289 291 403 456 601 607 638 720 747 799 826 863 962
23 36 86 89 119 278 293 371 399 442 460 524 623 707 721 732 819 827 831 871 907
0 132 145 186 233 327 368 442 601 604 681 738 744 782 808 883 925 963 995
118 241 259 336 374 487 501 545 612 662 669 683 712 738 892 931 946 962 988 994
0 86 104 106 116 127 294 324 337 439 474 495 559 568 591 782 798 820 954 981 993
17 28 67 89 93 192 213 240 242 300 303 324 329 371 420 430 442 582 722 800 859 908 910
7 69 160 168 281 368 422 437 582 606 790 837 881 907 946 959
9 42 52 61 100 192 203 222 233 242 273 398 399 423 428 442 453 558 592 631 722 807 871 901 990
40 138 222 293 359 390 679 681 685 767 797 825 835 837 908
28 66 104 179 273 286 344 405 432 472 539 629 717 730 767 799 808 817 941 950 992
45 86 119 281 322 324 360 374 391 467 515 553 636 732 808 827 889
231 284 337 359 480 490 545 557 560 626 653 662 729 771 854
12 50 170 173 219 255 319 350 351 360 553 558 579 592 601 682 721 909 926 994
63 227 234 260 280 432 444 613 631 633 753 808 859 870 885 994
45 76 80 128 342 403 441 446 590 667 722 729 753 806 813 904 927 964 988 992
85 170 222 236 289 293 306 353 367 375 511 576 631 647 656 764 828 832 925 961
63 133 147 187 238 319 347 432 480 521 531 539 571 592 704 870 903 910 994
53 90 135 154 188 200 205 212 229 274 300 313 318 320 482 495 501 570 575 601 664 800 814 818 828 917
61 127 220 221 246 253 300 319 358 377 482 565 673 682 687 722 747
35 38 43 45 48 157 167 246 350 437 518 527 592 631 721 773 827
50 124 163 240 495 537 605 709 815 827 871
9 274 281 378 436 472 491 514 518 532 603 674 790 837 885 914 925 926
81 119 159 162 170 182 188 238 444 622 634 651 662 707 889 927 946 999
29 66 117 127 129 155 319 328 378 434 442 474 486 497 511 538 571 607 662 723 737 795 799 871 877 974
49 193 220 272 436 538 553 649 879 890 902 915 961 988 993
17 73 78 81 169 191 193 281 282 289 316 328 357 377 424 433 444 543 553 571 577 595 598 790 806 913
76 81 132 243 339 377 493 837 874 902 921
0 28 63 78 112 116 146 184 222 240 375 399 416 444 486 545 547 613 631 647 662 721 729 830 832 855 884 892 990 996
38 40 174 414 510 518 569 647 652 688 731 743 794 800 825 832 879 894 924
359 387 413 437 570 601 603 611 634 662 722 744 818 840 851 868 877 885 892
0 9 60 83 87 215 253 347 371 442 456 612 620 644 721 729 782 832 834 939 963 995
38 43 71 85 272 359 412 432 561 566 601 611 717 758
76 155 274 306 331 402 405 409 432 483 490 497 519 526 549 571 601 623 638 657 662 729 732 800 827 832
29 49 81 137 213 216 300 318 359 364 366 439 446 477 482 668 720 764 807 868 909 913 930 959 988 992
3 87 106 114 238 247 350 360 529 592 612 682 896 917
83 132 159 173 190 480 521 571 599 604 664 697 729 782 806 838 937 996
14 17 69 114 124 246 259 283 300 306 440 484 603 620 699 790 808 811 942 970 995
47 61 129 217 233 238 278 368 374 444 514 521 540 549 554 584 705 773 818 860 961 989 990 993 994
3 44 85 132 203 243 339 404 431 442 451 471 487 488 493 518 583 612 629 902 921 998
43 118 216 221 222 241 259 335 336 402 439 485 529 550 604 662 675 704 744 753 784 879 929 946 954 962
51 85 108 119 123 387 432 553 625 769
8 66 72 106 112 120 132 148 160 163 192 283 325 437 470 471 595 607 655 679 734 775 868 886 946 990
8 55 69 94 136 336 405 455 491 537 555 586 649 709 800 883
42 116 127 139 148 160 184 233 272 278 280 311 339 367 371 399 460 522 586 707 729 782 868 871 877 914 927 993
9 10 42 63 133 201 238 259 289 302 352 389 480 592 647 664 707 761 871 910 950
23 38 57 69 116 123 209 238 240 260 311 319 419 442 571 577 697 713 740 773 827 839 903 961 996
33 222 229 289 398 459 463 486 539 628 656 675 761 800
29 34 40 62 81 98 167 171 246 274 485 571 624 667 682 730 827 838 901 941 970
36 42 81 110 123 146 148 280 339 361 368 485 520 710 723 769 780 827 842 962 973
85 111 117 135 154 306 344 395 397 452 550 553 721 807 812 870 871 894 902 941
48 70 119 233 281 326 336 462 482 486 511 571 622 643 681 717 782 807 888 912 925 946 998
33 60 76 85 109 179 246 306 322 339 371 387 414 431 446 456 591 601 827 868 909 996
10 29 36 48 62 94 119 179 182 304 317 471 477 486 511 524 553 626 644 670 806 815 902
11 14 38 49 63 89 234 432 438 487 511 527 570 571 628 673 803 826 830 878 883 891 938 996
9 10 73 123 129 189 195 329 338 360 402 416 430 472 536 582 662 721 843 847 884 914 999
8 9 89 103 107 148 163 206 274 281 300 314 316 318 320 325 326 375 436 532 627 669 709 885 889 913 951 976 993
88 97 147 148 168 319 360 400 486 584 716 752 764 789 806 809 857 914 990
62 67 89 154 186 283 347 403 477 500 524 592 628 733 764 799 806 811 826 868 902 954
14 20 209 255 368 487 555 619 795 803 917 934 994 994
