3 21 23 31 136 146 155 176 204 221 222 240 246 247 259 265 272 274 284 292 296 314 318 322 326 360 368 388 399 400 420 486
14 19 34 39 51 52 67 78 83 139 150 186 188 193 201 208 213 278 281 316 318 353 385 410 412 432 444 446 481 493
28 29 33 36 40 43 69 73 89 103 147 167 169 172 176 192 214 217 220 281 318 344 420 425 482
3 4 15 19 28 33 48 49 61 66 69 86 95 107 125 160 205 221 274 284 293 302 316 367 377 385 432 439 472 477
11 21 51 52 63 69 81 85 87 104 132 168 205 238 289 293 297 298 299 336 368 371 395 404 412 422 423 455 466 490
0 51 60 63 97 168 185 191 274 281 306 335 339 389 403 404 456
8 11 17 26 27 40 76 123 127 147 163 191 216 217 219 222 260 277 288 347 360 372 403 425 467 482 486 493
3 78 119 167 199 222 322 371 374 390 409 437 471 482 490 494
8 14 61 87 127 132 210 213 219 222 232 233 238 282 339 353 377 392 402 412 418 419 421 442 451
9 71 107 127 148 149 192 283 286 293 316 419 437 457
18 24 48 66 118 140 154 209 248 253 259 278 287 306 316 318 325 399 414 429
6 18 29 36 38 74 87 118 132 154 192 201 277 307 311 326 419 425 464 472
5 9 17 21 49 50 68 89 107 119 123 127 137 138 145 182 201 209 238 279 283 298 300 360 361 404 416 437 439 487
28 63 87 107 118 127 214 219 246 274 283 300 306 360 399 404 414 416 439 442 444 460 472 490
8 33 48 61 73 81 87 95 118 124 170 191 210 222 238 246 292 300 325 329 371 385 412 419 455 473 480 490
38 63 73 89 100 106 119 127 132 137 139 148 154 155 166 178 246 248 278 293 295 318 322 326 365 371 392 414 432 444 447 488 493
8 17 63 89 100 123 146 147 154 175 217 219 221 247 248 274 319 331 338 347 353 360 364 368 374 416 418 420 425 432 457 464 467 486 493
33 40 87 117 119 146 147 152 159 160 167 172 179 199 214 220 231 236 243 277 325 331 395 402 423 444 456
38 63 80 112 133 140 143 147 160 191 236 261 318 325 371 388 416 442 446 464 471 472 477
10 26 34 36 43 63 87 108 112 168 222 229 242 247 259 291 306 316 321 336 387 405 412 416 420 429 480
9 36 62 78 100 138 148 150 171 201 277 286 316 339 353 384 398 424 425 437 459 493
4 12 38 51 69 101 117 140 142 163 192 209 231 234 238 247 281 283 285 318 340 356 360 395 402 403 467 472 482 487
10 11 38 39 55 81 120 132 182 206 227 241 316 372 374 395 404 409 432 455 471 477 486
9 16 28 48 60 61 62 117 130 163 166 178 198 231 233 234 274 325 335 336 337 354 402 412 416 431 442 461 465 488
3 14 29 59 60 63 67 80 100 117 124 152 154 191 233 346 371 374 377 397 400 416 425 432 451 482 490
28 34 38 43 63 67 80 103 107 111 112 128 135 142 150 155 173 191 221 273 274 281 306 336 371 385 395 400 405 409 415 442 454 477 491 495
3 39 53 55 71 72 73 112 123 142 154 176 179 188 214 231 286 300 302 359 398 414 420 484
25 38 67 69 90 92 106 111 112 119 123 124 127 142 152 163 222 234 259 263 266 404 423 435 436 443 461 469 471 481 491 497
9 55 61 80 96 99 147 160 168 188 202 204 215 247 274 284 377 412 420 425 453 459 470 472 480 481 497 499
9 19 66 83 104 106 111 144 146 176 185 192 221 338 339 371 374 389 399 410 414 455 472 486
25 34 38 83 87 90 93 129 171 214 216 236 238 260 300 319 336 353 374 399 432 451 471 472 477 486
33 60 62 69 86 98 137 142 151 159 171 188 201 238 246 248 254 319 324 329 352 354 368 388 420 472 485
3 11 14 43 63 66 106 107 146 154 168 174 192 209 212 214 246 247 266 274 289 290 297 298 300 307 311 320 353 490 492
14 36 39 63 87 95 98 101 108 112 117 123 124 132 148 176 178 180 234 247 257 290 354 360 387 416 437 443 446 455 456 472 480 481 490 495
11 29 33 35 47 62 63 71 74 81 87 118 127 135 140 150 155 188 209 213 221 238 240 284 303 306 319 405 430 446 454
21 28 36 62 85 96 104 132 141 188 289 293 325 339 359 374 379 395 416 425 439 443 445 456 487
3 14 16 18 28 48 68 119 123 140 146 168 169 222 224 238 259 277 289 347 399 402 404 409 441 446 472 491
17 18 33 55 78 104 107 108 109 132 169 210 247 259 280 322 334 336 344 374 416 431 442
8 17 63 96 116 117 139 145 146 160 170 179 182 188 214 242 319 360 377 414 418 432 455 459 487 497
24 28 33 63 101 102 118 119 132 191 192 210 350 359 374 402 483 484
35 36 49 63 86 87 101 120 137 138 168 193 219 231 247 289 325 344 377 387 402 405 439 463 471 473
4 8 29 38 53 55 61 71 123 144 150 168 170 289 295 311 321 329 353 360 374 413 419 428 444 471 477 484
20 36 63 67 68 72 104 161 170 208 212 224 241 246 247 258 274 303 306 307 337 377 416 423 446 488 493
62 79 80 85 122 127 138 139 147 157 160 170 175 185 192 201 226 241 277 291 311 383 397 415 430 437 444 480 490
3 11 21 42 61 63 68 80 103 117 119 137 167 197 217 222 224 238 266 336 403 404 410 496
8 9 29 33 74 76 94 95 108 118 179 188 189 217 230 238 261 284 289 293 307 312 318 360 367 383 387 395 459 472 477 481 487 492
47 63 67 70 106 108 114 138 171 172 188 190 231 294 338 346 360 371 399 402 405 456 471 491 492
3 8 14 28 36 38 61 70 81 85 87 100 111 115 132 154 222 268 318 344 371 377 420 432 486
14 25 33 35 36 40 118 127 147 148 183 198 221 231 281 286 302 309 322 326 328 331 348 413 424 432 455
9 25 29 80 98 111 117 119 136 150 188 209 213 216 233 236 238 259 261 319 335 346 354 378 412 431 432 437 444 447 486
26 36 72 85 87 97 124 147 168 184 209 222 237 246 259 260 293 319 321 330 336 371 377 405 420 423 437 443 445 473 486
8 36 61 81 85 86 96 100 116 154 201 207 219 221 231 236 248 300 374 446 451 482 490
11 22 28 39 69 140 150 151 247 283 320 371 384 395 437 442 463
11 21 26 38 43 48 81 85 106 117 130 140 145 166 170 202 238 248 274 322 327 336 416 418 420 435 456 488
8 10 17 48 49 52 63 69 87 97 118 128 147 172 192 278 286 287 377 413 480
35 43 61 90 116 121 126 127 132 135 190 222 240 248 257 281 306 364 367 368 372 444 456 471
25 27 29 36 40 53 63 87 101 112 179 188 192 214 234 247 248 252 281 300 326 338 359 381 404 422 429 448 477 483 484 490
21 69 81 87 96 132 202 231 246 281 302 325 339 347 368 412 420
23 30 43 63 67 68 85 109 123 132 138 150 211 226 233 245 328 344 353 378 412 416 423 442 443 456 488 492
9 27 33 36 43 70 95 100 107 112 118 121 124 198 201 231 281 318 328 359 395 400 416 420 432 436 469
42 63 67 79 87 100 142 148 152 192 200 213 221 338 353 360 371 400 402 425 432 491
9 11 25 40 78 80 81 85 130 133 137 214 221 222 234 311 318 344 346 371 374 375 402 419 422 424 483 484
23 63 85 92 112 117 125 144 201 202 204 209 212 217 219 247 277 293 299 329 347 371 375 392 412 418 462 467 481 493
21 38 116 172 190 221 238 266 306 344 367 374 438 448 480
10 12 29 33 48 73 93 100 109 126 149 150 198 201 237 259 281 302 319 337 348 364 392 402 404 484 491
11 31 76 87 94 107 136 158 203 246 259 272 277 281 331 344 350 360 362 368 386 410 418 439 455 456 472
11 27 52 63 67 72 92 106 127 132 133 140 150 154 190 191 213 226 235 255 259 278 318 359 371 401 422 446 453 471
17 60 69 73 107 116 124 139 146 149 193 221 289 306 316 322 330 340 360 375 395 425 442 471
62 87 90 95 142 146 156 222 246 255 260 322 326 329 356 371 425 444 456 472
31 39 63 72 78 101 117 155 235 246 281 300 363 371 414 424 428 430 481
8 9 67 87 100 119 123 132 168 212 221 246 293 307 334 413 444 477 488
23 32 67 69 71 87 117 124 127 132 146 159 160 221 231 234 246 277 299 336 353 388 399 402 414 417 419 444 456 478
6 23 69 80 102 106 116 123 142 160 169 188 245 252 257 283 284 306 318 319 360 371 402 405 409 414 416 430 438 446 477 487
21 29 35 48 55 61 149 159 178 182 199 204 259 281 318 337 399 402 420 428 435 464 487
14 26 63 69 137 150 159 190 192 217 274 277 285 374 375 406 414 441 447 456 463 493
34 47 51 63 72 87 102 123 229 235 266 281 293 295 334 337 339 357 379 404 405 456
21 28 29 38 48 95 102 106 109 116 132 144 169 171 178 191 192 204 222 224 283 289 339 368 371 374 385 400 471 493 495
8 30 38 49 106 116 117 119 132 146 168 186 192 201 210 222 259 316 325 329 339 371 373 409 420 484
25 38 61 89 106 137 171 319 377 402 459 465 471
17 78 81 85 104 145 170 178 185 192 219 250 259 267 336 367 417 429 430 463 471 485 486 488
3 4 63 66 88 113 135 173 221 247 259 261 442 482 497
29 44 62 63 106 155 170 183 188 205 213 221 246 300 303 306 326 377 382 438 456 483
3 22 38 73 109 117 150 171 179 180 201 221 293 337 354 399 412 456 491
8 21 38 47 101 125 150 209 219 221 236 255 274 284 318 325 327 336 439 446
55 109 124 132 158 169 186 208 213 248 289 293 360 371 376 382 398 399 412 430 461 480 481
40 66 74 87 97 128 132 136 148 188 190 204 221 222 231 273 289 316 318 377 405 412 422 439 444 456 482
3 28 67 132 137 163 188 325 330 354 387 409 416 439 443 445 456 487
8 9 10 69 81 102 106 120 139 148 150 169 170 176 192 197 219 229 238 248 259 293 318 341 363 366 368 377 385 412 419 420 432 442 443 473 491
7 13 26 63 76 85 92 117 127 156 163 170 179 185 216 243 248 260 261 281 288 306 316 318 351 374
18 80 107 122 139 140 147 148 154 155 209 221 234 246 267 287 291 316 318 326 399 412 415 439 487
11 27 31 78 136 168 219 222 246 274 286 300 307 331 346 359 368 405 423 453 479 480 490 492 497
3 20 31 42 48 66 87 96 97 133 138 146 152 160 197 201 210 215 272 291 305 328 340 347 360 371 378 385 403 417 418 445 492 493 495
8 34 39 66 116 123 148 163 201 209 274 348 379 395 412 416 443 446 463 480 495
8 9 26 69 139 170 186 192 202 209 212 214 242 246 248 263 319 374 414 420 426 439 459 482 492
21 29 38 48 49 69 80 95 125 132 144 182 221 222 261 274 277 371 374 402 439 442 446 461 479 480 483
1 28 42 73 87 100 117 127 132 144 150 166 170 179 208 222 274 368 385 405 455 459
8 21 28 29 33 42 89 100 111 116 127 150 169 178 179 191 204 214 215 273 293 304 400 420 432 485
43 45 63 107 108 124 167 182 190 209 214 221 227 230 240 246 247 259 339 353 395 418 428 431 440 471 478 488 490 493
28 50 51 62 78 89 127 132 139 145 168 171 179 219 222 247 248 260 281 320 326 328 371 375 397 416 439 441 445 462 474 480
14 29 38 67 107 116 154 168 170 191 222 353 368 371 405 477 497
9 47 52 87 101 117 124 127 136 137 233 267 277 287 328 330 344 350 371 425 432 438 439 463
3 24 63 67 117 132 146 169 178 222 238 247 259 293 336 340 344 353 400 402 410 420 445 490
27 38 39 60 72 76 98 101 106 127 148 151 154 167 178 191 208 227 233 258 322 328 362 388 399 437 444 446 472 478 495
11 51 69 78 116 127 133 137 148 192 201 216 221 259 283 300 306 316 337 353 360 402 420 423 473 490
11 62 87 116 138 139 150 166 179 188 212 221 285 299 306 316 360 388 418 436 446 484
34 73 148 150 183 243 246 283 291 338 339 360 399 404 419 425 444 471
17 22 31 67 85 99 101 104 106 108 116 147 188 221 233 238 248 316 318 328 371 412 416 443 473
4 38 40 43 51 81 106 112 127 135 138 155 202 228 238 242 247 277 289 293 359 360 371 404 416 439 444 456 497
3 10 21 36 38 40 85 87 119 125 142 148 154 169 170 221 231 255 267 319 334 353 354 371 383 387 409 416 419 420 444 446 482
1 53 61 63 69 83 85 89 124 128 131 132 152 155 170 178 185 193 283 289 309 311 318 326 331 382 402 432 490 497
18 29 39 48 90 107 117 118 132 154 187 189 199 218 222 238 246 325 371 390 409 415 417 418 442 459 472 477 480 495
11 38 75 124 127 147 169 214 217 229 241 266 300 319 330 358 364 372 402 418 422 437 446 449 469
85 101 125 129 132 159 227 293 296 335 339 360 402 403 405 436 444 471
3 63 102 106 117 123 137 140 222 248 255 285 292 298 318 328 359 364 374 385 389 396 405 429 446 456 459 460 477 478
13 87 127 131 139 167 191 192 221 227 238 240 330 354 359 372 401 402 412 418 424 432 439 440 444 493
3 11 47 63 69 73 77 80 117 119 123 142 150 198 287 316 318 319 387 400 402
14 38 47 61 69 95 101 137 142 154 168 203 209 255 274 326 353 403 405 418 420 435 444 471
3 29 43 90 95 101 117 148 163 170 191 203 209 221 222 238 258 267 274 306 318 319 331 341 357 377 389 399 416 419 420 439 444 478 487 491
11 23 35 36 46 85 94 100 146 150 188 190 193 222 241 259 263 281 283 289 300 316 336 412 443 455 472 473 478
16 40 43 72 89 100 108 132 163 176 192 214 240 289 306 331 357 368 404 437 442 478 487
49 51 63 118 123 171 217 222 233 238 293 353 357 403 405 441 472
28 68 81 85 138 148 179 221 246 248 274 295 333 371 375 377 437 445 446 477 487 492
6 29 123 135 138 140 142 231 246 282 295 321 374 400 438 439 443
27 36 45 53 66 85 90 108 119 179 185 198 208 251 423 429
9 10 11 38 61 67 69 80 87 146 185 227 231 233 237 259 274 292 298 409 432 436 455 471 486
12 23 36 63 91 132 148 170 188 190 234 247 294 297 306 323 335 349 368 377 402 420 439 443 444 486 487
9 23 26 57 69 80 100 118 133 137 142 150 155 163 238 283 358 389 400 404 454 472 493
16 48 60 61 155 176 182 215 222 229 276 299 300 307 316 350 353 357 385 386 387 400 404 432 442 444 449 466 482
8 9 14 17 28 42 48 145 154 217 224 238 277 281 306 335 346 399 423 430 448 463
29 39 57 71 75 80 109 127 148 163 206 231 240 247 261 288 300 306 318 328 359 368 371 374 388 395 397 432 443 459 469 486
4 8 11 29 35 63 76 121 147 148 154 168 182 209 219 221 243 267 336 395 405 418 425 473 484
28 78 109 112 158 169 281 299 300 309 319 338 371 377 418 430
18 34 38 42 51 52 53 76 80 83 95 118 120 143 176 181 212 213 246 255 259 281 283 300 318 344 395 399 412 420 422 437
28 36 79 85 129 154 175 192 217 222 228 240 267 281 347 363 409 412 421 437 439 443 444 446 456
3 33 61 69 73 89 100 169 221 243 277 293 316 318 325 339 380 419 464 472 484
3 87 89 106 112 118 123 135 215 224 233 274 331 340 347 402 404 405 412 444 481 485
62 69 150 201 210 264 270 272 327 330 377 417 439 484
7 38 42 78 87 125 127 160 201 252 254 266 289 324 330 338 341 347 378 395 431 440 446 477 480
7 9 23 34 42 61 81 102 117 124 142 147 152 185 202 203 213 215 221 231 238 247 283 291 322 325 337 338 344 360 374 387 399 403 404 415 453 484
11 28 42 52 69 70 76 81 87 96 102 132 135 143 145 173 207 209 229 231 236 246 259 281 325 350 353 354 438 442 445 446 459 465
29 35 47 70 139 142 150 247 263 371 446 459 472
27 85 87 89 106 132 148 188 219 232 238 246 248 274 281 300 335 371 374 404 444 460 473 477
0 69 81 83 87 96 111 132 206 234 246 258 281 293 323 325 368
63 107 123 169 248 274 360 420 425 442 464 486
0 14 36 45 69 96 107 123 163 200 231 247 266 272 318 359 376 377 387 460 472 495
7 11 21 38 40 50 80 86 92 100 123 140 147 152 160 170 192 201 231 234 267 325 326 402 403 414 438 442 480 486
47 69 87 124 145 170 185 209 215 219 224 259 267 268 278 324 331 337 339 402 405 423 432 456 486
8 36 59 78 86 106 108 123 124 170 188 192 247 260 281 318 368 397 403 405 411 444 457
7 17 43 48 100 107 127 138 160 209 252 273 330 337 402 405 439 444 446
4 21 29 40 43 60 63 107 123 178 191 204 221 222 246 281 297 300 306 337 368 372 389 400 404 412 415 447
11 17 51 89 160 168 180 221 261 302 316 318 322 325 338 371 446 456 474
0 26 67 70 71 103 104 105 107 116 127 145 168 169 178 242 267 287 319 348 377 425 429 432 439 447 481 493
11 17 21 32 38 43 69 132 142 147 159 176 183 188 209 214 227 247 263 274 319 336 368 381 404 440 445 446 456 459 477 484 487
7 23 49 51 80 95 117 119 127 155 176 203 217 219 229 259 300 325 326 328 336 344 377 380 402 446
8 25 40 74 78 86 103 127 138 147 151 154 181 202 216 261 313 336 337 356 357 380 388 421 436 439 442 447 471 477
17 38 81 115 127 146 150 159 161 163 221 263 300 335 353 366 395 405 420 444 491
18 36 55 90 160 187 203 238 252 259 261 307 325 332 360 417 429 442 449 490
7 26 33 72 83 86 101 137 155 159 163 221 242 249 266 281 316 318 357 377 402 421 436 449
6 8 33 61 69 70 73 83 89 101 116 124 127 132 135 167 170 191 204 222 238 277 318 323 325 371 374 402 432 471
29 44 49 55 86 124 127 191 222 231 261 292 299 333 376 377 399 403 435 442 461 472
8 85 106 132 192 210 219 222 238 259 274 399 443 455
0 3 11 18 25 38 63 75 78 127 141 168 170 181 188 193 209 212 246 283 291 318 360 412 420 437 444 467 472 495
123 126 148 150 188 233 274 300 313 359 392 399 403 414 425 449 497
21 65 74 87 115 127 155 163 192 247 298 325 330 402 432 444 472 486
3 8 10 11 23 73 87 142 144 163 169 178 189 192 221 222 241 289 290 318 368 395 409 412 425 432 442 455 459 471 472 486 497
0 8 11 27 80 83 116 146 152 163 171 182 214 231 238 252 265 273 277 286 306 308 335 340 360 364 414 473
9 15 62 87 100 107 123 139 166 167 169 179 221 384 398 442 472
43 47 66 74 90 116 127 132 140 146 171 176 192 214 238 240 289 314 316 326 335 377 404 437 455 456
3 11 13 18 23 38 51 63 90 100 127 154 167 169 187 188 204 233 334 359 387 454 460
26 31 40 51 52 123 137 147 151 168 193 210 222 246 259 277 293 318 336 354 356 374 388 402 404 405 490
8 10 27 29 69 72 123 132 154 188 216 219 228 233 246 274 331 335 360 376 389 400 403 414 444 469 472 481 486
63 69 80 100 116 117 132 135 142 146 150 222 238 247 252 257 357 374 412 423 445 469
8 17 28 38 63 85 100 102 124 125 150 168 171 174 227 231 232 263 274 289 290 291 293 324 337 364 445 451 453 481 490
28 63 67 69 72 85 100 106 127 132 140 221 227 233 246 247 248 270 290 330 356 359 364 374 395 397 418 436 461 464 471
0 51 69 104 124 132 145 146 193 201 204 222 229 236 377 404 438 439 440 446 455 465
11 25 35 47 48 62 72 107 124 138 146 150 166 222 240 255 300 309 325 335 375 392 400 402 416 421 447 472 477 493
7 28 38 62 155 163 170 178 188 242 252 261 265 281 289 331 356 360 426
6 29 33 66 69 104 123 145 193 209 216 231 233 316 366 371 389 399 402 446 455 459
8 14 28 36 61 119 120 125 146 166 222 238 255 281 293 307 318 322 325 328 360 420 421 424 446 451 472 492
1 3 8 42 74 90 109 124 127 140 154 192 197 216 281 282 289 306 309 326 332 336 353 368 403 404 416 445 455 471 477 484
7 9 19 39 47 73 81 106 138 144 147 168 169 192 246 307 319 338 359 371 377 387 403 416 430 434 455 472 486
3 21 40 42 89 107 119 132 161 182 188 208 209 280 283 293 306 316 360 368
3 8 36 38 69 71 98 137 163 172 176 217 295 357 375 377 396 402 424 451 477 497
43 46 87 109 132 135 154 168 176 186 207 233 316 318 359 361 409 444 447 456 490
13 43 71 81 89 105 109 138 169 192 205 260 281 289 306 319 367 395 418 432 497
11 35 87 123 148 179 185 238 283 284 291 322 350 360 403 405 416 427 486
28 38 39 43 66 68 80 81 100 106 116 123 144 146 201 202 209 222 246 261 274 277 278 395 412 428 437 439 456 492
35 49 70 81 94 106 123 135 144 170 171 189 214 222 287 293 308 347 363 377 412 416 438 442 443 446
11 18 41 46 67 87 107 116 143 170 220 231 252 259 273 281 291 300 316 329 336 339 368 392 403 415 416 425 432 437 444 453 471 480 495
8 13 40 63 112 148 191 213 222 241 248 285 299 359 400 437 448 455 471 482 484 492
10 17 33 36 38 73 104 173 187 188 203 215 236 238 267 274 281 299 346 387 399 405 412 444 486
9 24 47 94 95 132 171 178 179 241 259 274 286 309 352 358 359 397 405 412 416
4 48 150 154 168 183 209 264 279 300 336 353 374 397 402 413 439 451
12 29 47 63 69 118 123 150 154 155 159 161 173 221 247 255 297 319 387 399 402 418 444 477 482
25 36 38 73 81 119 125 139 154 220 246 300 325 346 366 386 412 416 419 423 486
10 14 34 36 69 87 107 117 131 132 135 192 219 238 259 267 341 343 353 398 432 486 487 496
9 29 47 81 90 100 150 221 222 234 300 344 461 469 481 484 497
17 23 39 55 74 85 117 120 124 130 147 159 169 171 292 300 328 350 377 403 405 412 421 445 486
41 63 132 252 357 412 423 437 463 469 487 499
0 9 13 43 48 70 77 83 87 106 117 132 140 168 214 217 231 261 281 306 318 351 366 380 385 412 431 442 443 456 471 493
8 28 48 49 63 69 100 104 132 197 222 248 293 299 312 336 386 387 395 397 420 422 425 436 453 480
10 40 47 69 103 127 139 221 258 309 334 372 385 399 400 416 471 481
0 71 81 125 132 206 213 221 223 234 238 255 272 293 299 323 326 353 359 360 368 396 398 412 415 425 448
29 36 38 39 100 116 154 192 207 209 219 224 231 236 255 300 320 335 384 395 420 490
36 63 73 89 101 102 106 124 169 212 227 274 360 367 385 397 410 416 419 426 432 444 459 491
36 40 52 61 63 99 101 117 120 131 132 135 139 148 166 205 210 274 278 303 310 321 360 371 377 383 385 387 404 412 432 447 497
11 25 89 106 116 147 148 170 171 319 360 413 432 486 492 496
5 19 40 52 63 76 86 87 104 155 277 283 286 293 316 338 368 377 422 432 493
29 49 51 111 116 147 148 150 182 243 261 316 336 339 359 374 378 422 429 442 477
3 21 36 41 92 176 189 203 235 247 259 293 366 410 423 432 437 454 455 463 472 486 487 499
10 36 47 73 109 116 119 123 154 169 209 280 295 316 319 360 361 374 397 405 412 418 439 451 484
3 63 69 81 112 113 149 247 255 260 261 279 319 359 375 396 442 448 463 480 482
17 23 42 100 140 192 203 210 219 233 274 283 291 309 319 322 336 346 359 360 395 403 420 423 425 459 472 486
18 25 40 47 69 111 118 139 160 169 215 221 230 247 268 273 281 286 318 326 335 353 367 374 418 432 444 487
14 38 42 67 84 106 108 117 147 160 171 222 229 232 247 291 303 328 353 360 372
21 34 36 38 44 48 55 95 101 108 112 123 139 147 179 219 246 260 265 281 319 320 322 369 371 379 389 403 412 425 445 462 472 480 495
14 27 66 80 81 98 99 117 147 169 248 295 335 357 359 376 398 416 421 423 453 467 482
34 36 62 69 100 106 116 154 186 202 207 219 231 236 300 302 335 339 360 368 412 414 420 490
11 14 28 33 35 46 60 69 96 160 166 182 188 210 233 237 274 276 281 306 318 321 330 350 371 405 425 488 495
9 25 31 63 67 74 85 124 148 150 154 171 192 211 298 311 353 360 405 416 422 437 442 455 472 492 494
5 42 63 65 69 70 74 83 87 100 140 146 182 199 210 219 222 238 255 259 272 281 294 311 324 326 346 387 397 463 482 484 486
3 28 36 43 77 85 87 100 104 150 174 215 222 233 293 300 326 328 333 354 366 414 436 443 459 484 487 493
17 21 29 38 48 63 83 85 87 89 103 124 130 138 142 144 159 166 178 191 204 209 210 242 259 293 350 361 371 378 383 392 400 403 416 445 474 486
0 48 59 63 66 67 71 72 100 123 132 135 145 163 169 173 233 248 289 294 325 374 378 412 428 473
29 36 38 117 133 143 146 198 229 243 283 299 300 325 348 371 377 438 472 493
39 62 63 87 91 100 117 169 170 179 231 238 247 248 286 360 368 383 413 415 439
17 23 26 36 60 63 95 101 127 132 135 158 167 168 170 178 192 219 221 231 263 289 292 293 328 333 371 375 423 427 432 437 438 456
8 17 38 44 61 70 73 81 90 104 167 169 170 190 192 214 236 238 247 259 299 311 318 322 325 326 331 339 360 480 492
38 40 63 69 101 182 192 206 222 235 241 243 281 300 316 323 325 330 331 336 399 471
14 47 71 85 87 101 116 136 160 169 192 213 221 227 247 289 318 350 377 389 417 421 444 453
43 53 97 129 130 135 155 158 316 405 451 459 481
23 38 43 74 80 81 100 106 150 202 204 274 277 335 344 416 423 447 456 464
28 38 42 86 92 138 147 188 210 232 263 277 287 289 292 319 324 368 414 415 471 481 490
63 68 70 85 87 90 100 110 112 123 125 132 154 163 168 202 231 242 246 247 263 273 283 289 293 299 329 388 402 412 471 484 487 491
8 36 69 73 100 117 123 132 147 221 247 258 293 297 315 318 353 360 374 385 389 402 443 480
28 34 40 59 62 66 78 172 185 190 192 210 247 261 339 374 377 395 403 405 430 434 456 471 490 497
3 48 73 83 85 117 160 163 217 222 252 263 293 302 374 382 412 416 438 456 471 479 492
7 11 23 43 47 48 83 93 112 117 124 128 141 146 192 201 238 247 319 336 360 368 377 416 444 445 472 479 492 497
4 11 28 51 96 150 154 182 214 221 238 281 284 287 293 306 372 395 403 416 436 462 468
8 39 48 60 99 117 119 120 124 144 152 154 188 213 215 216 246 269 274 281 400 404 418 453 480 481 492
8 10 49 63 85 112 123 125 147 170 192 193 204 207 233 247 261 274 387 389 400 401 403 412 418 469
4 11 21 35 36 74 89 97 112 119 136 143 166 170 183 220 221 246 248 258 259 273 277 281 283 289 293 314 318 322 326 338 339 377 380 453 455 491
29 39 43 47 67 70 72 83 87 124 125 127 167 171 222 293 339 350 353 371 397 418 439 442
13 14 36 38 43 51 72 77 81 100 210 220 259 263 266 281 300 366 372 374 395 405 443 446 463 464 471 487 490 495
102 135 149 154 170 192 209 221 222 231 267 277 300 307 319 335 341 360 398 404 414 439 444 463 472 473 487 490 492
36 48 62 68 72 111 123 125 152 159 222 241 246 272 299 300 335 416 444 474 483
25 52 61 69 70 80 83 117 120 135 144 147 163 166 171 210 221 232 246 274 287 326 371 374 400 403 409 416 421 442 459 477
8 23 55 61 63 87 123 136 148 160 182 222 247 263 274 292 316 322 327 351 357 368 402 409 420 439
25 38 68 117 132 144 160 184 215 221 233 235 258 275 289 317 325 326 328 335 359 360 372 391 395 402 416 419 420 423 432 438 439 446 477 485 491
3 42 108 221 222 266 293 331 339 344 353 374 425 456 487
17 23 28 39 40 43 55 89 91 120 182 188 201 222 240 246 289 298 300 302 328 357 405 421 423 439 455
23 31 38 66 97 152 155 183 185 203 222 293 299 303 318 369 374 412 417 420 446
25 36 51 63 111 118 123 125 127 137 147 150 190 195 216 246 260 282 303 322 386 404 421 444 460 472
21 40 52 63 85 94 123 186 261 266 289 337 346 359 374 402 409 447 490
9 17 65 66 81 87 132 152 188 215 224 316 319 331 344 374 377 387 395 402 405 411 412 456 470
19 36 112 116 124 132 146 184 193 203 214 221 261 272 277 299 300 319 325 340 377 388 419 433 446 456 496
12 18 35 36 63 69 78 89 109 116 132 195 198 247 387 402 416 442 477
26 55 61 63 87 96 97 132 148 154 179 180 238 263 306 311 316 325 338 371 374 388 412 429 446 480 493
11 16 28 38 47 52 66 69 87 101 118 144 163 169 171 199 214 222 234 248 290 293 306 323 336 338 374 420 425 431 444 447 465
36 68 101 123 148 154 170 180 202 221 248 259 336 339 353 359 374 385 405 409 442 447 459 471
8 17 19 29 35 36 42 63 100 112 126 127 132 167 176 179 201 238 265 274 277 324 335 400 401 414 481
9 36 69 97 130 137 140 142 146 160 168 219 238 247 252 260 281 283 338 360 404 416
23 26 34 62 63 89 94 100 119 127 135 137 140 154 210 214 277 281 284 300 316 323 330 339 356 360 400 410 423 446 455 459 486
43 47 63 69 72 112 148 167 192 214 224 292 330 339 368 375 379 405 439 444 447 456 477 490
36 38 47 100 103 136 171 179 214 227 236 281 303 322 350 371 374 397 431 444 460 464
69 80 87 100 108 118 175 193 222 234 248 261 294 300 358 410 416 423 446 486
21 28 39 40 49 55 80 83 89 116 120 132 150 163 171 192 203 209 213 222 227 247 293 297 322 340 350 395 436 441 446 471 485
11 14 67 72 83 85 87 89 104 132 142 168 204 219 222 248 287 300 339 375 442 444 445 472 481 486 493
25 39 43 79 94 154 189 204 219 226 247 277 281 283 289 294 303 360 368 377 453
36 49 63 68 81 85 100 112 118 119 120 127 144 179 184 197 208 221 222 292 320 378 385 387 402 403 443 461 480 482 486
17 36 68 100 116 125 144 154 156 207 219 231 236 272 274 300 344 474 487 490
15 23 38 62 65 108 152 160 183 190 210 238 261 316 319 325 347 364 399 425 435 441 442 444
17 25 105 154 179 222 238 328 359 377 390 402 416 437 439 446
3 28 36 38 61 62 69 80 81 121 155 168 222 233 247 281 299 314 318 404 405 422 423 437 482 497
8 15 36 38 41 51 97 108 124 135 152 183 212 217 227 274 316 319 338 347 377 400 443 463
3 34 38 39 70 74 78 106 138 140 146 150 198 209 215 222 281 297 334 399 405 414 453 470 472 492
7 80 89 101 213 252 259 350 368 372 410 416 417 437 483
36 40 61 73 87 91 115 135 188 282 317 397 402 412 443 486 495
7 11 24 47 117 127 192 248 323 325 336 360 377 414 438 444
3 34 49 61 72 107 109 147 189 193 213 222 231 246 259 269 282 293 359 364 404 432 437 460
11 61 73 83 87 101 120 182 222 238 281 343 353 423 465 473
15 22 33 67 79 100 106 117 118 127 144 145 147 169 214 221 236 248 266 325 347 371 402 412 423 471 490 493
75 80 100 108 146 171 185 227 277 298 325 357 362 432 444 472 490
6 36 48 52 63 65 93 97 135 215 277 300 372 377 410 439 446 463 472
14 17 18 34 38 47 80 123 125 127 171 307 338 339 346 360 374 377 412 423 430 437 444 471 472 480
3 4 26 48 69 72 107 119 123 127 169 204 234 238 300 322 335 371 374 442 444 471 483 485 487 495
17 21 29 63 73 85 125 132 182 205 221 243 246 279 284 297 302 331 368 397 399 402 404 415 420 428 440 455 487 495
25 29 51 61 81 83 89 93 103 118 170 188 191 310 318 319 437 443 480
6 9 12 19 25 69 83 106 116 118 147 163 205 213 248 274 283 284 286 293 318 325 371 372 397 399 412 421 425
8 36 44 49 83 91 93 116 127 147 170 237 246 252 259 318 329 348 377 412 432 439 444 446
3 8 23 36 71 150 163 197 221 222 239 293 316 318 339 357 360 374 375 419 424 442 444 471 472
3 17 21 22 61 63 123 173 201 204 233 246 281 289 326 340 415 444 456 472
39 89 97 112 163 170 192 215 222 238 243 245 292 310 334 350 364 377 404 409 415 416 431 438 455 472 490
28 69 70 135 138 140 143 159 163 234 259 342 347 360 432 453 455 461 467 472 477 491
25 34 51 60 63 123 185 201 209 277 289 322 334 337 354 399 437 444 446 456
8 22 28 29 36 39 50 83 87 114 160 192 246 252 255 284 299 335 368 405 420 424 432 474
43 67 120 143 146 148 188 192 205 221 222 246 259 267 306 307 326 402 414 416 417 432 446
9 38 68 95 116 142 147 150 154 161 168 171 191 221 226 293 302 322 335 360 366 395 409 417 420 431 492
10 29 46 61 112 132 146 155 169 178 257 303 325 336 339 368 387 389 444 456 463 471 493
38 49 67 89 99 101 104 127 198 210 217 224 263 318 330 404 421 447 459 480 481 482 488 493 497
3 19 23 24 35 38 49 69 119 142 146 160 183 201 222 231 238 293 297 299 300 303 335 347 360 385 405 420 439
8 50 62 69 86 100 109 147 186 191 222 233 277 302 306 309 317 398 419 444 477 487 493
0 28 51 68 116 119 137 166 222 235 277 293 317 319 325 326 360 364 401 442 473
3 42 63 72 80 143 146 176 182 228 283 289 307 310 314 325 353 368 403 404 472
4 14 29 36 63 80 81 87 116 148 222 290 298 300 307 320 357 371 469 472
5 8 28 34 48 87 114 155 189 192 216 237 252 278 283 298 302 347 359 403 416 432 443 464 467 471 480 491 496
5 8 9 26 28 63 101 124 168 203 208 227 246 266 281 290 306 318 325 335 348 350 360 377 395 409 412 414 416 437 462
3 6 25 63 69 89 124 132 170 212 217 282 284 293 317 347 360 400 432 463 464 486 493
7 26 35 38 39 49 62 101 107 109 121 127 160 180 210 221 263 265 283 318 353 363 366 402 403 412 420 446 449 480 487
21 43 47 48 63 68 71 81 129 143 176 214 281 289 293 306 313 336 342 360 372 387 400 404 412 416 433 437 443 444 459 483 490
8 71 95 103 108 135 143 147 166 204 210 222 260 263 266 280 299 300 318 331 361 419 482
26 63 66 97 104 109 124 149 153 169 222 237 238 246 248 259 281 319 344 402 405 416 418 472 480 481
5 29 42 83 93 112 118 123 132 135 300 319 343 439
10 26 39 50 69 73 102 117 127 139 154 163 169 179 188 288 311 343 363 372 388 400 405 409 410 420 432 442 471 472 480 486
9 163 170 221 289 300 325 361 364 402 416 459
0 32 48 70 83 117 123 155 159 168 214 240 336 354 385 387 444 472 491 493
35 36 40 69 87 104 123 139 150 166 179 209 213 221 238 261 289 328 339 362 371 402 404 414 482
19 27 34 42 73 89 98 106 109 128 135 136 180 185 210 219 233 242 272 273 274 336 375 377 385 403 446
10 14 33 38 63 71 73 85 117 118 127 137 142 192 215 229 281 293 334 377 416 423 446 455 456 459
28 63 85 170 193 210 219 231 232 238 243 306 375 377 402 412 418 484 487
14 21 29 43 101 123 127 135 137 154 191 192 201 227 289 291 297 300 311 316 325 354 371 399 401 412 442 471 486
26 36 40 101 119 168 203 222 231 259 263 274 302 336 377 405 438 444 456
4 14 35 100 107 116 124 135 160 182 220 230 269 299 346 353 357 360 371 440 472
8 9 28 31 78 116 117 142 148 163 191 204 205 221 235 281 322 374 398 417 420 432 443 490 492
24 38 50 63 80 85 100 114 147 174 193 216 246 283 293 375 410 471 484
10 61 89 117 119 140 147 160 169 188 444 482
0 12 26 71 78 94 144 146 180 183 192 195 260 263 281 306 316 319 338 402 412 416 428 430 432
17 23 55 87 98 114 120 132 148 182 192 217 219 238 284 300 306 318 328 335 347 353 369 405 414 416 421 467 471 480 488 491 493
10 40 43 51 118 119 124 160 182 204 209 217 222 233 234 238 274 280 286 289 311 318 339 409 432 449 455 472 486
13 42 48 83 85 95 104 108 166 179 192 205 222 246 253 284 319 325 371 374 387 437 439 455 461 482 486 487
33 63 91 140 176 192 231 274 278 303 339 359 372 374 377 387 397 400 439
38 40 85 116 147 150 189 197 210 247 282 286 311 331 363 377 379 404 432 445 451 460
28 36 138 146 148 166 238 246 247 284 320 333 358 360 365 368 371 445 446
69 101 124 127 139 170 230 283 335 359 367 368 422 491 495 496
3 8 35 61 70 87 95 119 142 144 172 222 224 229 235 322 344 371 375 395 431 455 459 471 480
13 18 40 43 87 100 106 123 125 150 159 169 179 205 213 215 229 238 246 266 274 289 336 344 346 359 369 399 404 412 445 480
28 33 34 38 63 69 98 101 107 118 192 213 216 274 306 395 405 417 437 439 495
9 11 33 81 107 108 115 121 147 169 192 238 246 280 291 293 336 344 360 374 480
35 47 63 69 97 127 159 160 172 183 216 222 238 259 274 284 289 293 302 326 360 412 430 431 437 438 442 447 456 471 480 481
4 11 48 49 91 95 100 109 117 125 127 135 137 169 170 179 221 222 231 238 242 246 261 273 278 316 352 359 402 413 439
29 43 63 66 83 92 129 147 148 214 237 247 259 265 300 318 337 347 366 374 399 416 437 477 491
62 63 66 87 109 183 201 247 281 315 371 374 383 402 444 461 481
18 25 33 38 71 87 90 93 109 187 213 221 234 260 285 298 302 317 318 322 325 372 378 417 420 443 444 471 487 496
40 51 116 127 142 147 161 208 209 259 283 293 300 316 335 353 360 374 402 420 423 438 471
8 11 21 28 29 47 67 123 127 137 155 167 169 176 188 266 291 293 300 306 329 332 401 404 456 460 477 487
13 21 33 43 69 71 81 90 127 138 145 150 154 231 279 281 299 318 347 354 374 400 402 439 451 471
35 40 48 70 86 90 92 107 159 163 170 189 191 231 238 281 322 363 371 374 377 412 418 419 428 442 444
8 10 28 35 61 66 75 116 127 209 227 274 283 307 318 338 371 375 389 399 400 424 439 455
26 28 39 40 66 81 85 95 118 147 150 171 187 209 238 246 247 266 277 319 354 371 405 443 446 464 495
3 8 28 38 40 62 121 140 192 213 217 247 248 261 359 380 395 405 418 422 430 446 460 465 471 486
10 14 28 38 51 80 117 220 255 281 300 395 464 480
11 36 61 69 74 106 117 125 155 246 259 289 374 442 459 470 477 486
28 47 65 69 87 107 116 131 132 179 183 209 231 247 350 353 354 360 385 403 411 420 425 439 444 446 461 471 484 487 497
8 47 66 107 118 124 182 230 247 248 283 353 372 377 403 416 423 437 441 448 490
11 21 25 67 72 73 87 95 125 143 151 163 170 178 183 220 232 248 259 273 295 298 300 335 339 342 354 356 359 361 377 412 453 456 482 485
21 25 36 38 63 85 87 133 135 140 148 209 213 222 306 325 347 353 360 387 397 416 442 446 453 497
7 11 63 70 85 112 127 135 159 169 219 221 222 259 274 281 288 318 331 354 372 399 414 421 462 468 471 492 493
1 3 11 63 100 124 127 132 187 193 204 212 229 233 240 272 283 309 360 387 409 444 446 460 477
11 63 117 135 138 155 164 180 201 214 233 259 298 316 335 360 361 387 400 404 420 437 444 472 480 491
11 36 47 49 52 62 69 83 93 127 140 154 160 221 241 246 247 306 322 324 335 402 422 436 443 446
9 40 43 95 118 119 136 145 155 206 219 247 274 298 306 344 364 371 399 402 414 416 442
29 38 50 63 118 183 222 255 259 283 293 300 309 318 319 335 347 374 375 404 432 447 464
11 32 36 132 135 170 180 183 189 212 231 233 263 267 282 338 368 375 421 444 451 455
20 73 78 87 101 107 119 139 155 163 186 193 210 213 248 278 281 330 359 371 402 410 429 483 490
11 36 38 40 78 79 85 112 118 127 132 139 140 146 167 187 212 221 238 248 261 266 319 321 336 359 371 420 430 432 442
40 63 87 95 104 107 132 139 142 145 178 231 247 248 267 289 321 330 374 403 436 451
11 14 29 48 55 62 63 78 107 109 123 137 150 222 233 280 299 304 372 374 402 403 477 480 486
53 114 132 146 188 192 217 221 274 277 281 299 300 346 359 388 419 429 446
9 10 11 35 36 39 46 63 72 85 117 148 159 170 183 222 236 259 281 283 293 336 359 360 372 377 413 414 431 446 464 471 473 487 492
38 48 63 66 67 81 92 116 118 119 150 183 222 263 280 299 302 306 319 375 386 387 395 492
48 62 73 157 217 222 226 238 266 267 277 286 299 319 383 386 397 442 487 490
8 33 36 95 96 104 125 148 154 166 168 219 240 246 319 348 360 397 402 405 412 435 437 459
15 38 61 72 108 109 137 146 169 183 212 293 316 319 346 347 378 402 416 418 463
27 107 118 123 126 137 169 231 283 289 318 360 371 395 400 405 436 442
35 63 67 69 100 132 136 137 160 171 188 217 238 242 272 310 318 353 395 397 405 432 455 472 486
7 9 17 26 33 34 73 85 87 100 101 139 154 222 267 277 319 325 326 335 337 341 364 390 402 403 436 463 486 487 494
1 4 36 47 48 49 70 71 77 97 109 116 125 128 135 150 170 173 192 204 259 274 281 282 360 382 402 405 414 419 425 446
17 36 38 40 69 78 104 119 127 133 148 169 183 208 222 261 277 333 344 347 353 360 368 402 410 416 418 442 466 472 480 486 490
20 67 69 117 121 147 150 160 181 209 217 227 272 327 360 412 432 437 464 497
33 63 89 90 148 154 189 221 233 246 293 303 337 354 370 400 402 405 412 420 446 471
11 39 78 87 98 101 116 132 148 170 183 222 238 242 247 263 300 360 368 397 399 402 405 443 455 472 495
19 33 36 69 85 92 125 138 151 185 201 228 235 238 316 335 371 402 410 422 439 471 484 490
0 18 34 43 74 81 87 108 119 127 171 188 247 303 318 322 339 363 371 399 405 416 432 446 450 462 469 471 472
8 48 61 63 81 97 102 111 123 125 135 140 150 168 192 202 248 261 323 371 395 409 425 432 472 492
5 11 24 29 38 47 73 147 188 197 283 316 335 353 360 368 372 391 420 477
21 29 44 49 60 66 72 107 125 127 144 148 194 207 219 231 336 366 378 403 404 418 435 442 444 446 477 480 492 497
9 17 38 121 132 137 164 169 180 214 219 221 238 241 246 250 283 289 291 293 318 319 321 368 397 416 432 442
18 43 106 123 169 197 209 221 228 234 259 274 295 342 363 388 400 402 403 420 445
38 48 61 74 99 101 123 126 137 171 175 191 192 204 219 221 222 246 277 287 306 344 346 377 387 390 431 435 444 459 463 467 471 472 480 493 495
4 87 117 192 209 221 246 277 311 316 319 402 421 446 460 480 493 497
10 11 28 34 38 43 63 80 81 104 107 148 170 221 233 263 267 274 306 337 374 395 396 399 414 444 446 451 456 472 493 495
0 8 11 48 70 83 87 93 116 117 126 127 131 146 168 170 198 201 209 214 222 241 247 259 281 306 323 353 357 364 377 385 402 404 430 446
10 24 28 36 48 61 69 71 78 83 124 132 143 153 167 191 241 293 299 313 339 372 374 400 416 421 424 432 433 486 493
3 10 33 38 51 62 63 67 83 104 116 206 222 235 241 293 297 298 311 330 399 420 444 486
11 60 61 71 73 87 123 129 147 148 151 154 163 167 219 222 231 258 281 338 418 425 431 432 448 456 473 481
8 13 38 63 119 147 154 170 181 204 222 246 259 261 266 281 292 333 357 363 371 380 385 387 425 444 447 460 471 480 490
40 42 52 63 74 100 118 123 148 163 178 182 191 259 287 328 331 364 478 482 486
25 36 40 49 69 70 73 83 85 119 132 137 144 146 167 168 170 171 221 231 287 328 334 335 344 404 405 409 416 424 438 442 455 484 486
3 23 28 47 50 57 70 95 100 116 130 147 168 170 192 238 289 402 432 441 487
27 63 67 68 123 129 154 170 219 222 227 228 274 369 374 400 423 442 455 471 486
16 31 61 62 123 295 316 319 325 335 336 344 399 412 414 416 422 441 472
3 20 48 66 83 89 97 106 117 121 127 128 130 140 175 214 248 260 300 318 330 334 350 416 444 471
3 14 17 29 35 39 71 73 127 168 191 221 222 229 240 335 339 368 371 395 401 404 405 416 424 431 432 439 442 455 457 490 493
8 10 29 34 35 38 53 61 80 83 104 128 146 152 235 246 287 318 339 354 374 399 414 416 418 432 442 444 463 471
8 33 34 36 62 63 81 90 100 125 132 160 183 233 240 243 246 280 281 302 320 339 348 385 387 419 443 444 455
36 85 97 109 125 145 205 222 229 235 236 237 238 344 350 359 371 374 383 385 420 437 438 465
83 98 138 208 217 221 240 300 318 325 337 402 403 416 437 467 471
0 1 8 28 47 67 74 80 139 160 179 193 207 223 255 333 335 353 359 360 368 371
6 62 75 76 85 88 95 116 125 127 132 137 147 202 222 227 231 238 246 274 277 281 289 293 318 329 399 402 412 417 437 459 493
25 63 69 123 132 142 145 201 204 214 248 266 274 335 338 350 357 360 399 409 420 425 431 439 456 460 464 486 487
18 23 42 46 47 72 87 109 166 183 186 188 197 207 227 233 240 247 321 347 366 397 400 417 444 446 447 456 493
36 124 143 146 150 181 186 217 238 281 282 289 306 316 322 336 442 454 477
4 28 33 36 41 48 61 112 184 260 263 284 338 360 377 398 402 412 437 439 444 461 463 469 472 487
11 38 80 90 117 127 130 179 192 202 212 213 231 234 235 238 259 277 302 306 316 329 339 360 368 412 420 440 446 461
0 3 11 19 46 59 84 87 101 120 139 170 191 192 209 252 263 319 347 357 362 368 400 403 421 442 472 474
17 24 41 62 74 80 89 106 108 111 118 121 124 127 147 152 155 191 209 233 274 316 319 336 414 425 444 477 484
4 28 48 69 86 119 148 159 234 238 247 319 342 353 374 375 377 412 424 486 495
26 36 119 126 179 230 231 238 246 265 274 300 320 331 338 346 360 409 416 421 424 481
6 48 72 83 93 100 143 171 234 237 246 263 281 282 289 317 333 337 348 371 397 399 402 405 442 446 455 461 469 471 481 497
29 35 87 97 118 127 140 155 213 214 220 238 240 281 283 284 293 337 338 339 412 414 421 484
3 9 13 17 21 42 63 86 96 104 107 108 118 123 127 132 192 197 222 246 248 259 279 281 299 323 334 357 399 403 409 425 447 472 483 484 490
8 11 14 21 24 36 98 100 119 137 163 171 238 248 286 316 325 350 371 409 445 462
28 41 62 66 72 85 90 187 204 205 302 338 357 361 377 403 446 453 460 461 462 467 472 484 490
14 40 52 55 63 85 86 118 132 148 160 217 219 248 261 274 284 287 325 360 370 465 471 477
10 63 67 72 85 87 90 99 101 127 137 142 170 182 188 201 210 236 238 241 269 274 277 287 344 374 382 387 420 425 430 439 455 463 471 472 480 487
28 36 38 46 72 78 80 97 100 107 111 137 171 182 212 238 247 284 286 289 316 318 339 346 357 360 368 371 380 383 385 402 417 446 456 493
22 80 119 122 127 139 147 176 188 209 261 266 277 282 330 333 371 387 397 415 442 444 478 492
8 17 36 40 46 67 74 85 87 100 116 140 148 154 207 219 231 236 281 291 299 300 318 336 353 354 368 387 392 397 412 416 417 425 437 439 442 444 455 469 473 480 490
29 40 62 67 94 107 146 161 208 209 266 283 300 316 332 359 360 377 415 440
38 49 78 100 106 132 169 203 206 213 232 234 240 246 274 294 446 455 472 477 487 492 497
21 24 28 47 90 99 105 112 136 145 150 259 266 300 360 377 442 443 486
11 35 36 47 136 147 148 161 188 190 201 229 238 289 298 316 350 360 412 439 442 444 459
3 12 14 47 50 55 78 81 85 87 123 150 188 217 232 233 238 247 258 371 412 422 437 456 484 492
17 35 36 103 123 147 154 160 217 340 344 431 432 470 481
0 5 22 29 43 47 49 61 63 78 89 102 109 111 123 144 146 155 168 180 185 195 203 213 221 238 245 293 339 346 347 388 389 404 409 414 421 425 444 472 480 490 491 496
42 60 63 67 68 90 118 119 142 188 200 291 302 338 342 359 377 399 404 405 412 420 436 446 484 491
8 23 47 72 95 132 158 178 231 292 339 374 375 379 437 446
12 29 35 52 63 66 90 116 117 138 142 158 160 172 267 336 350 362 387 404 410 437 439 496
3 40 43 45 61 68 72 85 89 93 121 125 137 144 145 183 192 213 214 234 240 246 274 278 288 293 326 360 425 432 487
33 61 118 124 137 138 139 169 215 233 248 261 283 329 337 387 412 422 443 471 478 480 493
9 10 14 16 29 90 124 191 201 203 219 221 291 333 354 395 397 444 446 497
18 61 63 80 81 87 116 155 238 259 274 292 322 325 331 346 360 364 384 424 438
0 36 38 60 61 63 128 142 187 192 221 238 247 266 319 331 397 416 472 480 495
11 38 63 64 70 112 116 132 140 144 153 154 235 246 255 264 298 300 306 309 322 332 353 404 415 417 484 491 497
11 25 38 62 66 70 73 87 123 132 190 192 193 212 221 236 248 292 293 300 303 316 348 375 377 405 456 490 494
0 49 51 71 137 157 209 221 238 248 289 293 300 335 339 346 371 387 403 455 462 481
8 9 18 20 63 67 89 90 100 101 107 109 170 173 192 221 222 228 266 281 337 347 369 388 399 400 416 443 455 464
0 3 12 23 33 38 40 74 89 97 118 154 171 192 260 270 289 319 327 338 377 399 402 405 432 471 484
38 45 48 95 101 106 107 124 132 203 209 221 222 231 274 299 329 359 376 377 386 387 425 442 444 480
4 8 21 69 85 87 104 109 127 129 132 133 148 154 205 212 242 245 246 252 260 293 300 302 306 318 330 348 354 360 395 460 471 490
10 28 73 76 85 96 97 108 119 135 142 147 179 204 207 234 241 319 322 330 366 453 459 461
11 59 80 100 114 144 145 148 154 188 283 360 368 374 387 403 413 455 456 477 492 497
11 35 60 68 87 100 123 125 127 148 150 164 231 233 241 248 254 272 368 383 416 420 439 443 474
29 36 38 43 51 75 100 154 155 189 221 222 238 288 400 414 471 477 481
17 63 69 70 87 122 123 222 234 259 293 346 418 459 472
10 28 46 114 116 147 182 192 193 197 237 255 259 269 278 281 283 294 374 405 442 471 495
14 112 123 133 142 147 154 163 182 185 190 222 234 247 298 319 326 337 350 387 414 422 460 473 480
19 80 83 107 117 124 140 147 155 160 171 182 222 230 248 261 353 359 376 390 398 423 448 482
38 40 43 63 67 72 126 154 155 190 234 306 309 339 358 359 371 374 399 402 418 444 473 490
3 26 33 38 69 83 104 137 142 147 176 238 246 261 266 277 280 284 287 318 337 360 383 388 402 456 472
43 60 61 107 123 127 128 146 163 199 216 231 241 242 281 283 300 319 374 399 403 414 416 425 429 432 435 461 471 487
7 22 23 33 44 49 63 69 82 83 106 112 116 123 124 136 147 155 163 170 192 221 259 261 293 336 339 368 374 377 389 401 423 442
36 46 79 112 145 160 171 234 293 299 306 318 319 352 399 403 444 464 491
33 36 56 69 83 85 93 102 118 154 175 192 214 221 222 224 299 306 318 319 335 337 371 382 386 387 410 420 432 439 464 480 484 493
29 55 78 81 120 160 167 168 169 188 209 219 222 231 233 300 318 328 371 374 378 396 397 403 404 419 422 464 471 493
3 7 33 38 43 67 74 123 159 163 281 299 318 335 357 372 402 482 491
8 14 38 51 63 69 71 97 124 125 129 132 169 184 217 246 247 293 307 326 357 366 367 402 432 437 491
39 52 80 119 135 144 155 160 182 190 192 209 214 236 281 293 304 306 326 352 371 402 405 411 414 442 446 472 482 486
55 61 74 78 85 97 107 139 154 155 261 284 289 291 293 308 360 439 456 497
0 33 48 63 67 95 117 171 214 266 274 299 310 368 444 456 459 490
30 38 45 49 51 87 117 123 132 159 168 182 203 247 255 281 316 344 371 374 398 402 472 479 480
8 14 36 47 87 118 130 140 146 155 167 169 192 203 222 233 281 289 300 314 326 400 404 420 422 425 447 471
29 83 89 123 142 176 179 185 197 210 219 234 235 246 259 274 318 325 348 363 397 420 422 445 480 483
12 31 53 129 135 138 145 155 219 221 229 247 293 314 328 416 447 451 455 459 482
3 7 11 19 22 28 62 63 69 98 106 124 136 140 147 148 150 163 188 221 222 238 240 261 352 372 374 390 405 412 441 471 472 480
7 17 73 80 96 108 122 126 138 139 147 179 204 220 322 323 337 402 405 415 444 446
4 138 188 201 292 388 418 436 444 455 471 484
51 55 61 69 80 121 138 147 155 170 174 188 191 222 233 266 318 363 405 409 436
9 34 38 52 72 76 86 91 93 117 119 121 147 148 151 154 173 187 222 238 255 266 277 303 342 360 371 377 463 484
9 36 48 87 155 173 188 198 292 321 329 372 443 446 447 472
28 36 40 64 69 112 118 119 176 215 219 259 263 325 377 401 439 443 445 456 487
23 25 57 76 95 96 118 121 130 131 150 154 197 201 219 222 248 282 299 322 367 374 397 399 410 416 419 420 444
9 31 47 48 67 123 137 139 150 188 228 259 266 286 316 318 319 336 378 395 412 426 447 477 480 486
34 39 66 81 98 101 107 118 125 132 137 160 182 209 212 220 281 289 329 344 353 360 371 405 412 436 437 439 442 463 490 499
14 63 71 98 119 222 234 267 282 283 293 310 318 319 371 378 400 404 456 464 490 491 495
12 21 33 48 51 107 127 184 192 204 222 231 263 277 285 298 306 342 359 360 361 377 398 400 402 403 412 414 444 461 487
4 6 17 51 63 81 85 142 147 152 176 180 193 234 248 255 260 285 293 307 350 359 360 364 371 377 381 388 396 400 404 448 451
8 10 49 74 80 95 104 117 144 147 148 166 182 183 192 202 274 293 360 369 371 372 374 377 410 416 422 439 444 471
1 42 63 80 101 117 118 127 130 137 146 217 231 238 259 261 344 371 374 399 436 439 463 472 486 492
0 31 36 47 62 127 144 145 222 246 249 314 337 360 385 431 436 439 454 459
8 33 34 40 73 107 117 150 152 160 161 171 190 205 208 209 221 242 283 316 329 353 360 399 412
3 14 17 35 36 39 47 63 93 107 115 127 159 191 209 220 222 241 277 278 293 313 325 359 360 371 404 418 433 436 439 442 471 492
9 26 39 61 66 85 155 160 169 205 222 227 233 248 274 289 333 340 388 412 481
9 10 35 40 61 78 80 86 201 209 234 243 248 281 313 339 356 405 439 441 471 477
27 36 38 48 73 83 87 106 117 127 143 147 179 192 210 221 233 289 299 306 323 352 371 374 402 471
83 131 144 170 171 247 360 368 374 403 420 464
9 40 61 73 117 132 146 203 238 247 281 291 333 354 404 409 416 445 463 473 484
35 38 48 55 61 118 132 149 160 183 199 217 219 246 260 283 319 322 336 338 340 347 371 375 467 493
12 14 49 62 69 73 81 116 117 182 192 222 248 282 283 306 339 374 439 442 459 471 478
68 89 90 107 173 187 188 221 235 247 296 311 317 325 326 334 363 368 374 416 419 467 472
23 72 90 117 121 127 128 139 155 190 222 263 267 276 300 318 442 478
8 17 28 38 40 67 104 107 123 142 201 247 293 325 331 359 395 415 432 439 441 443 444 445 456 481 493
39 42 51 72 73 83 85 87 127 143 150 171 222 230 233 241 266 281 287 289 292 300 317 322 359 412 425 429 439 446 447
17 28 36 73 81 98 106 116 155 160 169 176 193 197 231 236 238 240 247 295 306 319 325 326 335 374 377 396 405 412 414 419 451 472 477 488 497
26 27 42 47 63 101 112 131 146 159 171 221 229 234 247 259 269 293 306 319 338 371 403 438
17 28 69 83 86 101 132 148 179 222 263 289 300 306 324 325 333 368 382 400 402 412 419 439 471 477
25 28 34 38 43 63 80 83 85 112 123 137 160 166 182 185 246 275 287 334 337 338 395 405 456 486 488
4 36 42 48 49 76 86 93 104 132 179 184 246 290 300 318 371 402 437 442 472 493
3 8 25 38 40 61 63 69 85 100 116 144 163 172 201 224 248 303 306 318 374 389 414 444 448 460 463 478 497
12 50 87 148 182 258 316 318 327 368 371 402 492
88 127 150 179 222 232 261 293 306 316 322 339 375 395 405 416 418 427 482
16 28 70 116 179 197 209 218 229 230 238 316 319 346 371 405 416 451
6 8 21 28 29 51 52 87 95 125 191 201 214 233 238 246 248 287 337 377 418 425 429 447 459 464
23 46 61 190 201 209 222 255 263 266 281 289 298 397 443 471 478 482 487
12 18 28 51 101 115 127 137 163 173 221 238 285 293 367 400 403 444 454 487 493
33 41 47 48 80 101 127 163 184 217 219 222 263 310 360 398 402 444 456 486 487
10 14 33 38 47 66 87 98 168 188 193 213 238 240 241 246 247 293 300 335 337 339 353 360 379 385 402 404 412 416 432 437 444
3 10 13 35 63 74 78 106 117 118 176 188 201 222 238 247 274 277 281 282 288 299 303 304 314 343 377 397 403 445 449 486 492 497
36 48 62 63 112 136 154 182 190 222 246 248 298 320 337 372 387 414 437 463 464
8 35 36 61 63 79 93 123 127 144 160 172 180 184 203 220 224 238 240 247 248 283 306 318 335 342 374 439 446 455 477 480
9 40 61 69 70 72 83 85 119 124 139 167 205 222 233 238 246 261 274 276 288 325 344 371 416
11 26 36 61 70 72 76 81 86 90 132 170 171 180 188 233 246 258 265 287 346 414 415 439 448 453 471
205 214 222 274 306 322 360 364 410 420 425 447 455 470 471 484 495
11 38 47 69 72 85 93 99 105 150 189 209 210 221 224 266 334 342 344 360 363 377 399 420 432 460 464
8 28 33 71 87 132 142 175 178 212 240 302 325 331 337 368 402 416 432 439 443 445 456 478 486 487
34 38 61 72 83 127 143 171 255 263 278 281 298 317 337 358 395 427 446 460 471 477
25 28 69 83 85 87 111 117 135 169 170 192 273 291 298 300 375 414 447 456 490 493
3 15 35 36 43 66 86 89 107 109 116 124 173 195 198 247 302 374 387 486 488
0 3 11 19 49 63 70 100 116 127 132 144 170 171 201 204 233 283 326 387 405 416 438 460 490
6 33 34 38 46 48 73 101 145 150 171 181 231 238 261 277 298 306 374 387 400 420 432 440 448 455 480 490 491 495
8 27 29 33 78 87 117 125 133 140 143 145 146 147 160 167 178 192 217 219 220 221 233 267 274 325 344 374 399 414 420 438 443 447 465
8 9 28 35 36 71 80 131 179 182 197 259 281 300 303 316 320 338 374 388 404 425 432 443 446 480 493
11 25 34 36 38 42 43 69 81 106 123 155 168 174 202 210 238 277 304 309 325 334 340 353 359 360 363 456 480 481 490
3 5 9 17 20 43 45 60 63 67 80 88 104 109 118 124 138 166 169 178 185 193 227 246 275 289 306 322 344 354 374 387 389 397 437 438 442 465 471
17 24 101 124 132 137 138 171 192 203 207 209 225 238 243 247 304 306 387 391 400 402 414 417 439 478 499
10 36 39 47 48 63 123 179 222 230 238 299 306 334 344 352 359 386 387 397 399 405 416 418 446 482
11 35 62 87 106 127 142 147 169 234 238 259 283 284 325 326 382 385 402
4 24 38 41 68 76 85 95 137 148 154 202 218 221 225 245 306 378 387 422 471 488
25 29 34 86 123 183 246 247 282 289 292 337 415 446 497
11 40 52 62 67 154 173 189 216 234 247 289 347 358 371 412 432 464 471
8 20 28 42 62 71 90 106 112 125 127 140 155 159 169 170 213 246 274 277 298 339 354 374 443 449 456 483 492
38 71 106 148 184 238 286 288 325 360 374 416 449 477 490 491 492
14 21 51 125 135 169 215 222 246 274 287 292 293 320 326 327 360 399 418 446 477
14 40 44 46 48 53 62 63 72 101 107 190 209 266 283 293 319 353 400 416 444 487 490
133 148 170 171 179 280 333 399
14 48 53 55 61 87 163 169 180 217 221 236 274 283 289 329 360 373 399
6 10 14 16 38 63 80 104 109 117 118 133 142 155 170 219 246 277 281 294 300 362 374 377 395 402 404 446 456 486
9 14 28 38 39 43 50 69 70 81 87 91 92 106 126 145 148 150 188 226 246 375 377 397 399 400 423 439 444 463 474
35 49 50 63 83 86 87 89 119 120 142 145 146 169 170 222 247 289 316 325 335 359 405 471 490
36 69 74 90 107 117 127 147 192 208 248 302 326 331 332 357 486
4 36 62 95 97 140 150 201 237 281 299 319 330 387 397 402 437 446 490
10 11 39 80 100 116 122 139 140 146 147 169 179 188 221 306 352 360 368 372 409 415 432 455 459 480 482 486
33 35 69 132 139 205 221 222 227 231 319 330 344 377 412 471 486
6 8 11 80 85 89 132 137 170 171 182 214 222 240 277 316 374 377 402 410 416 423 443 471 477 488
3 10 11 23 38 40 47 83 116 137 140 142 147 150 163 169 198 204 209 212 215 229 240 248 281 318 357 360 409 417 425 437 439 456 472 486
51 61 87 98 123 138 150 188 201 229 250 263 298 362 388 418 436 455 482 484
47 61 67 73 95 101 123 130 144 146 156 179 221 259 275 292 299 326 338 347 365 368 375 385 416 425 436 486
8 10 21 47 49 66 110 118 132 139 140 147 154 192 201 219 227 277 289 330 360 368 377 430 464 490
33 38 49 74 85 90 93 118 151 210 213 235 274 293 318 342 344 363 374 414 432 444 460 471 490
8 48 51 97 148 169 221 236 245 274 290 300 325 371 375 377 382 390 398 402 415 431 461 493
48 51 74 132 140 148 155 182 183 215 217 271 284 350 360 371 415 471 477 491
17 28 36 63 93 125 154 170 214 232 238 265 281 338 356 381 388 400 473
11 33 63 67 74 107 117 147 169 184 212 214 231 242 266 274 283 300 326 336 357 359 368 377 422 423 432 439 490
57 63 76 87 109 115 118 127 132 147 163 170 206 207 216 219 231 261 289 306 356 359 444 459 461 486
40 55 68 81 112 116 120 135 219 222 248 257 279 292 359 371 388 405 420 443 446 448 463 472 488
11 14 21 35 49 87 123 148 173 221 238 245 267 281 283 284 293 307 328 337 405 414 424 446 451 456 493
6 14 51 71 73 96 100 127 132 174 214 229 284 293 319 362 395 403 409 416 490
10 17 38 43 61 81 104 106 108 202 234 248 277 294 316 318 374 441 446 456
30 38 69 118 119 157 169 188 218 227 303 311 346 363 401 420 444 477 486
8 80 93 132 135 176 185 188 204 259 289 293 306 318 335 348 404 412 425 439 460 470 481 490
9 19 21 47 62 80 119 123 127 132 137 140 144 146 192 222 224 238 248 291 300 319 338 371 401 420 444 486
19 67 69 83 116 124 163 167 171 204 221 222 247 261 277 300 308 340 377 403 424 446 464 486 496
11 18 38 42 52 107 117 123 127 140 154 155 159 188 272 325 371 402 422 438 444 446 483 490
21 34 36 39 49 148 150 188 209 213 216 248 266 269 274 276 291 322 360 404 416 439 446 478 492
4 9 14 70 116 160 238 252 277 325 348 446 472 487
61 73 95 127 182 185 193 289 403 449 482 484
8 25 29 36 53 55 61 83 107 155 189 204 219 246 274 289 303 325 360 377 399 402 414 444 446 477 480
21 25 36 66 69 109 117 124 147 159 170 173 201 214 221 231 233 282 289 306 326 337 339 347 360 402 416 443 455 477
17 28 36 39 61 62 87 107 121 123 137 138 169 173 219 238 242 247 286 290 293 300 316 321 359 361 371 412 416 456 480 484
10 38 48 71 85 109 145 227 233 235 238 248 289 293 306 335 364 371 375 400 414 420 430 432 446 471 480 481 490
7 8 9 48 87 132 212 217 221 236 280 282 289 320 338 387 395 403 405 438 443 455 460 465 482 486 490
36 85 125 169 180 214 221 231 247 283 299 309 373 374 376 399 405 443 491 493 496 497
11 14 68 89 107 124 139 219 221 235 238 248 289 317 325 326 336 353 374 377 400 432 444 470 478
13 17 21 23 27 29 36 38 39 48 53 66 73 80 125 132 152 159 179 183 192 194 206 219 222 299 303 314 325 366 404 412 420 429 442
8 36 39 63 85 117 132 146 152 167 213 219 222 238 241 248 281 295 313 329 330 338 347 353 357 375 412 414 415 421 423 425 442 497
8 29 33 57 61 63 146 155 168 176 193 248 255 293 299 311 339 344 352 360 389 432 456 471
38 69 104 109 159 188 219 231 248 300 306 374 375 385 388 399 414 423 432 444 472 480
7 28 40 42 61 101 112 121 130 132 135 136 209 210 219 231 233 247 249 259 260 336 371 387 402 409 412 461
33 35 48 55 61 67 87 109 132 140 145 149 186 192 199 220 233 236 259 266 293 306 311 437 472
35 57 60 69 118 127 158 180 192 195 205 214 236 245 261 289 340 350 353 362 364 376 387 402 416 420 442 455 470 480 497
8 23 25 38 63 72 100 106 118 170 201 221 246 283 285 289 290 318 335 353 389 398 402 410 432 443 444 480
9 14 57 85 125 197 198 213 222 231 248 313 338 346 353 387 432 447 497
36 39 42 81 83 89 93 125 132 201 221 222 241 319 338 372 420 439 446 472
41 43 52 60 66 67 80 86 104 119 133 147 150 155 166 192 197 238 247 283 300 303 317 377 403 419 420 422 430 443 464 495 497
0 28 29 46 52 63 68 81 97 130 140 172 222 261 267 278 377 387 403 428 474
62 71 73 86 116 119 123 139 150 204 232 293 300 311 325 330 338 368 371 418 444
11 33 35 87 104 167 220 238 284 319 405
10 40 51 61 66 72 112 157 209 238 248 300 309 336 339 359 372 375 389 399 402 441 446 448 455 461
9 15 35 36 38 39 71 85 86 97 108 109 142 180 183 197 227 238 266 283 300 316 325 346 347 364 374 395 418 444 445 456 477
10 14 69 101 108 109 116 154 169 188 205 214 222 276 293 319 357 400 412 418 432 443 446 459 464
3 11 14 25 36 38 55 67 69 74 87 93 107 112 132 178 208 238 247 248 252 257 259 260 299 307 332 338 346 360 397 471 490
4 83 86 108 114 117 131 142 144 152 161 170 171 173 188 190 201 219 227 242 247 300 318 319 329 377 385 402 412 444 449 451 490 497
19 21 40 111 142 151 154 166 178 188 192 216 224 247 289 319 325 335 354 371 388 442 459 490
34 38 67 87 89 106 138 148 192 217 221 238 283 300 306 317 346 360 399 403 419 429 456 464 496
4 11 39 63 109 135 137 176 179 203 246 273 298 304 310 316 318 323 352 359 409 436
0 11 28 50 81 85 114 125 143 159 234 258 289 293 318 322 353 359 360 371 374 423 439 446 448 474 487 491
48 74 83 101 132 147 157 166 217 266 316 319 360 371 375 395 416 447 457 471
0 71 138 154 192 206 213 221 234 293 316 323 325 328 368 372 378 387 389 418 486 496
28 60 75 104 112 119 126 144 156 163 209 216 222 280 282 283 288 294 307 326 344 371 448 451 487
4 18 36 85 90 95 104 121 128 135 140 142 148 155 175 215 216 283 300 302 306 316 318 346 371 381 402 437 445 477 490
40 72 86 101 123 139 154 159 246 272 318 335 368 416 420 472 486 490
42 48 62 80 103 117 119 124 236 281 293 346 352 414 416 464 472 477 486
8 9 43 66 95 123 127 140 181 214 222 238 260 274 309 357 363 372 375 380 442 447 461 471
11 17 19 24 25 36 70 74 87 127 129 152 156 173 246 280 318 330 358 366 446
29 31 36 45 48 73 77 86 93 145 154 185 217 222 246 261 281 303 306 333 336 348 432 442 472 477 481
14 21 57 69 83 86 90 98 112 119 123 146 154 155 163 171 204 222 248 274 278 286 300 306 325 378 404 416 439 444 455 459 471 472 477 488 492
15 17 29 34 66 78 80 125 187 194 219 278 334 366 379 437 442 446 459 467 472 474 480 495
11 38 47 51 123 124 168 176 220 229 270 281 300 327 358 359 360 371 377 397 405 416 437 446 449 450 464 469 472 484 492
35 36 48 71 89 104 116 117 143 160 192 214 233 246 293 313 322 335 350 371 400 416 432 433 437 444 459
3 11 14 63 69 100 104 127 132 133 138 176 185 198 201 204 221 233 242 305 387 414 445 460 472
11 15 31 39 48 62 63 132 142 150 212 222 231 238 255 300 309 319 325 357 360 379 402 412 415 423 432 459 469 480 484 490 491 496
21 25 34 35 38 40 87 88 111 123 140 147 170 178 238 323 334 337 359 368 420 423 438 444 456 457
71 150 172 224 231 266 318 325 399 426 477 488 492
29 33 69 85 107 170 261 327 334 337 375 402 431 439 477 480 484
14 28 40 69 74 96 109 127 144 154 160 234 242 259 281 307 328 335 336 360 368 409 416 424 443 451 487
3 7 45 47 61 62 69 72 80 89 137 152 154 169 170 171 195 238 243 281 339 359 377 387 399 413 464 480 490
4 35 36 48 66 68 85 89 104 123 155 170 179 192 222 238 247 260 281 293 317 325 326 397 430 439 496
60 69 86 98 127 159 169 178 184 185 222 238 367 368 397 400 410 416 444 490 491
23 25 89 106 109 123 125 155 171 172 190 195 197 216 221 222 259 266 281 306 319 325 337 347 363 402 420 478
0 11 14 38 63 78 93 109 142 217 242 290 300 336 353 371 389 390 402 403 453 456 490
7 28 47 55 60 69 119 139 164 166 182 204 207 248 254 293 319 360 368 375 380 412 418 432 455 462 480 482 492 493
3 14 22 36 47 66 81 87 99 107 117 120 121 151 179 191 203 209 229 230 238 248 252 338 346 360 374 446 465 477
24 28 63 116 135 155 169 172 173 259 266 319 321 368 444 455 491
17 33 85 123 137 140 150 155 161 169 173 180 182 188 192 247 255 377 397 398 402 444 455 482 490
9 36 48 61 63 74 85 124 135 188 197 201 222 248 277 289 299 318 353 359 386 387 391 412 416 433 439 472 477
0 35 47 87 89 116 132 136 147 150 160 179 199 248 274 293 320 326 340 350 395 485 486
21 90 100 121 150 201 306 318 410 420 469 488
2 27 87 118 121 148 171 192 198 222 231 241 247 267 281 306 337 390 395 400 402 414 416 446 456 464 471 493
8 62 73 85 95 132 168 185 193 289 325 335 403 414 416 444 477
8 9 23 28 38 61 95 121 157 183 222 255 259 260 293 299 303 347 357 364 409 420 444 456
33 63 83 85 118 137 142 160 192 287 306 322 324 335 372 377 432 471
47 72 83 85 136 139 143 171 221 281 317 329 350 359 374 446 453 461
10 22 29 38 51 117 140 146 148 150 191 209 216 219 227 234 238 247 259 288 294 335 350 388 402 405 423 444 445 450 471
14 28 29 34 40 62 63 71 117 123 179 185 197 221 229 247 344 346 358 359 371 379 419 423 427 428 437 444 446 449 469 471 480 481 495
63 83 97 108 112 124 147 172 182 191 192 230 276 281 319 357 410 412 439 448 455 459
35 40 69 95 171 182 184 193 201 222 240 259 302 395 410 419 423 428 439 441 443 455 457 490 491
3 46 55 86 127 155 178 209 217 232 233 246 248 312 326 330 368 372 387 402 416 446 491
3 13 18 71 93 109 117 160 233 261 266 278 281 283 293 333 359 360 371 377 420 444 456 485
5 18 20 21 24 61 66 71 85 88 107 109 118 137 144 198 236 259 289 293 316 321 335 375 392 397 484
11 12 63 69 106 107 114 136 188 205 213 217 226 229 231 248 263 266 300 303 306 339 351 357 371 399 420 439 471 474 478 493
36 50 52 63 71 103 104 107 112 120 135 138 146 166 182 214 300 302 306 365 371 392 399 416 428 442 446 455 490 496
17 31 38 55 61 67 80 92 96 112 117 119 125 167 188 221 237 263 281 310 353 368 371 374 419 428 455 464 471 479
11 18 25 40 42 99 123 155 159 195 204 215 221 260 266 293 300 329 375 403 412 418 440 453 462 486
13 33 63 67 69 95 148 150 171 213 222 229 234 236 241 271 289 344 350 397 400 402 414 438 439 465 481 484
14 15 38 59 108 120 124 183 212 316 347 359 397
19 61 73 85 87 89 95 127 129 156 159 179 184 210 222 233 263 284 290 338 400 413 418 437 442 485 491
13 14 48 63 75 95 107 112 148 183 188 204 213 221 222 238 240 241 248 281 295 335 338 357 374 378 387 389 400 437 460 465 480 484
3 23 40 67 123 124 148 150 154 160 173 174 192 219 246 247 261 289 294 336 339 395 399 405 412 416 420 426 433 444 456 463 478
9 36 63 85 95 138 149 155 206 214 231 234 235 241 330 338 387 421 432 473 486
11 29 36 39 90 140 146 158 252 283 326 328 329 331 360 363 383 424 425 437 444 471
11 28 40 51 69 74 116 169 192 219 230 247 260 261 278 318 322 333 374 385 395 405 432 438 446 463 482
21 29 35 48 53 70 87 123 127 132 135 137 147 154 176 204 259 280 291 300 339 353 368 387 398 401 405 414 422 439 455 471 483
108 123 124 127 142 144 146 150 163 240 371 374 403 444 456 484
66 67 98 112 116 124 140 150 152 187 203 214 272 319 388 405 416 433 443 467 482 490
9 19 48 52 75 117 132 144 145 150 183 187 188 192 242 255 311 316 319 338 361 371 412 414 421 480 486 493 494
3 14 28 59 85 87 166 188 214 222 226 235 255 280 283 326 364 368 395 403 437 453 471 493 497
11 26 116 123 131 140 169 192 212 216 230 246 303 306 318 333 359 412 420 437 439 442 444 446 459 467 487 491
21 29 36 48 73 85 97 117 123 125 155 163 232 235 237 238 247 298 302 306 317 371 377 402 419 420 437 444 487
132 169 170 171 180 221 222 236 274 281 283 325 373 399 402 405 455 464
3 8 36 86 109 132 133 139 154 168 170 192 214 233 268 298 300 317 319 377 425 437 457 459 486
10 52 83 85 96 125 127 137 188 192 227 238 260 287 318 339 374 402 405 409 412 444 449 482 497
29 38 53 125 132 133 143 144 146 171 188 197 246 274 278 293 306 325 339 360 388 399 402 404 438 443 456 462 471
66 87 94 139 146 166 179 221 222 259 371 389 399 402 410 414 446 455 472
70 72 83 95 96 101 140 145 167 169 179 204 216 231 235 246 260 318 323 358 412 439 441 482
8 14 38 85 147 192 215 229 234 326 336 350 360 385 417 418 420 429 491
8 12 21 44 63 87 103 123 129 137 160 167 169 178 188 193 230 238 299 300 306 321 339 372 374 384 401 412 471 480 492
3 11 15 25 66 80 86 107 112 124 127 154 167 198 231 242 243 246 283 299 302 306 318 350 371 398 399 405 442 444 459 461
20 102 106 159 169 180 182 222 228 277 289 293 303 337 385 397 423 424 432 443 493
9 34 39 70 73 75 78 86 147 154 160 221 222 246 248 281 335 367 371 378 395 399 418 442
69 84 88 95 125 128 153 197 220 231 242 289 321 338 371 403 412 437 491
15 25 38 63 91 100 108 117 169 170 183 231 238 277 316 339 347 374 400 413 439
3 12 69 102 120 127 160 191 209 238 252 255 261 284 325 360 371 397 399 416 442 477 495
48 49 55 69 95 125 137 221 238 335 359 395 396 437 471
9 43 46 48 61 71 73 108 137 142 145 181 201 219 222 247 281 322 325 336 353 397 398 417 439 471 472 492 495
8 29 36 42 61 63 72 119 146 147 154 155 163 168 182 209 210 241 247 272 300 311 319 325 339 353 374 389 397 416
11 26 36 52 74 106 118 127 140 144 146 154 169 188 246 274 422 446 472 492
9 11 35 38 87 118 124 127 183 215 221 300 302 319 326 340 358 367 375 377 423 432 446 453
10 11 18 190 192 222 259 274 293 368 377 385 409 432 444 455 486
9 25 89 94 106 163 171 179 227 247 293 307 319 397 446
9 11 23 35 63 80 92 102 108 109 155 221 231 233 248 273 300 318 347 364 400 443 444
11 39 47 49 57 73 124 125 139 144 148 168 189 203 260 294 307 331 338 344 360 379 403 413 420 422 437 447 492
8 10 76 123 154 216 233 246 248 274 277 335 336 344 400 403 416 446 463 469 484
70 71 83 87 90 100 104 120 143 199 222 281 283 337 369 371 387 437 474 486
33 42 43 67 87 93 123 127 137 159 169 178 197 242 248 259 272 277 321 328 397 399 402 447
8 11 28 36 39 62 63 117 118 127 132 142 152 154 197 201 246 266 272 291 300 316 319 335 337 347 360 400 416 480
9 27 38 43 68 95 109 125 127 142 147 182 233 247 252 263 272 274 281 316 338 346 350 362 368 431 437 442 451 463 473 474 485
19 23 26 29 35 36 74 83 87 102 125 142 154 160 188 217 221 222 266 278 289 318 319 337 402 423 426 442 443 456 497
55 61 108 170 214 231 243 260 329 346 354 360 371 374 432 447 495
7 19 33 66 80 87 93 100 104 109 114 115 130 134 193 201 235 257 263 281 283 295 389 402 421 461 481 487 491
28 35 48 61 63 112 137 139 142 170 175 192 212 261 281 283 289 291 294 326 337 354 360 389 401 409 412 421 446
4 8 11 17 44 75 78 116 118 123 170 179 182 209 233 237 283 287 298 333 338 342 371 375 400 401 416 418 437 444 467 472 484
17 21 35 36 43 71 87 116 124 127 135 138 148 150 175 182 208 238 246 259 289 314 320 325 338 360 376 402 412 416 442 490 496 497
23 24 53 55 61 97 109 132 161 191 209 237 238 247 274 281 289 332 344 350 360 388 402 423 436 471 484
9 14 34 43 69 72 76 79 89 90 108 116 140 174 192 209 219 228 240 261 273 318 325 367 388 416 432 446 482 487
17 40 71 106 116 123 179 193 221 242 248 259 281 289 318 325 339 357 412 423 437 444 471
8 25 38 86 87 89 100 101 106 107 115 167 171 188 214 221 222 238 248 300 319 353 385 442 471
3 28 101 123 139 147 150 154 160 170 180 191 192 197 231 233 236 238 259 261 281 293 316 340 374 375 377 412 428 432 446 459 486
3 11 17 63 73 96 100 108 127 135 179 204 233 322 387 405 459 460
8 11 14 17 26 38 81 87 122 132 133 222 300 392 432 438
40 63 69 87 95 100 127 170 176 193 204 222 234 243 274 284 300 359 399 436 449 470 486 490
31 33 35 40 83 127 133 160 167 172 220 227 238 242 263 323 374 387 399 413 427 455 473
6 7 21 28 52 63 69 93 97 101 132 137 145 178 192 206 240 266 293 316 371 385 397 400 415 421 441 444 456 472
14 21 27 36 69 83 97 111 124 127 132 148 154 162 167 169 188 192 219 224 228 281 325 331 368 405 444 459 484 486
38 43 147 159 185 209 221 291 299 300 306 372 388 396 399 402 405 444 471 472
23 25 102 111 112 117 124 127 221 255 293 338 375 387 395 400
10 19 47 50 52 63 83 107 118 142 145 146 169 209 248 259 287 289 302 316 335 337 338 359 392 414 432 446 474 484
9 63 83 114 138 188 221 231 235 238 306 311 335 336 353 357 362 377 437 472 488
7 8 11 14 29 61 73 87 127 139 166 171 222 234 236 238 281 306 316 319 344 359 371 377 388 421 425 432 439 473
4 14 27 38 48 61 104 116 124 125 149 185 195 237 248 335 357 358 371 372 403 439 444 447 455 466 472 474 478 483
28 63 67 86 89 104 125 137 192 211 247 307 318 348 353 416 418 437 484 492 494
78 84 128 171 200 242 273 289 291 316 339 375 412 432 463 471 493
29 61 72 77 90 94 112 124 146 167 179 193 229 238 252 265 340 346 378 402 416 421 463 473 474
68 72 93 106 109 138 139 198 205 246 252 273 274 310 319 347 350 391 403 432 437 439 484 487 492
14 15 35 38 48 49 68 69 87 95 125 139 144 148 150 154 179 194 219 221 222 255 272 278 283 293 300 312 322 348 366 423 424 446 465 474
22 28 38 55 61 78 96 111 147 150 221 405 416 432 442 447 471
6 8 31 71 135 146 147 155 213 221 234 238 259 319 335 336 344 353 372 374 378 422 436 496
15 29 47 60 66 103 107 119 124 147 221 302 307 319 344 375 385 397 432 439 442 491
8 86 117 118 123 127 155 169 191 201 210 214 233 240 294 300 318 325 354 374 387 390 412 420 444 451 472 491
11 23 68 102 116 117 124 125 163 238 272 293 338 387 474
13 63 69 85 142 146 150 255 259 261 278 281 325 333 371 402 403 440 444 471
11 62 107 117 121 163 188 204 221 248 267 299 312 322 344 412 419 425 428 439 470 471 481 486
11 35 38 69 75 148 169 241 259 266 359 402 403 405 426 437 444 446 454 455
38 47 61 95 99 117 118 132 135 167 179 183 219 247 298 302 316 319 360 371 375 412 414 432 436 447 480
0 11 17 43 67 72 120 127 147 163 203 212 221 300 339 362 374 397 405 414 417 436 442 443 495
42 61 89 118 120 124 146 150 169 209 231 238 263 281 299 306 335 342 360 372 374 443 459 464 472 480 486 488 492 493
0 9 12 51 59 66 137 138 146 148 150 202 222 236 277 289 375 398 401 412 428
9 36 47 83 93 102 118 119 129 139 168 193 212 286 300 385 399 402 449 453 472 477
3 5 29 33 38 93 99 109 116 119 126 163 178 179 198 201 209 213 219 274 286 290 364 377 404 419 436 441 444 447 490
12 23 36 50 69 87 111 127 132 136 154 159 173 187 203 222 258 318 339 344 360 371 387 401 402 405 414 419 420 448 471 472 478 492
26 42 61 128 146 159 169 174 221 242 273 319 371 405 416 442
8 28 85 87 107 116 132 145 150 155 159 160 227 233 261 267 272 274 277 289 299 329 340 368 424 453 461 493
67 112 116 124 127 147 184 203 205 211 214 217 302 306 319 353 368 377 410 433 442 456 462 491
26 38 39 40 66 86 109 132 135 139 155 163 169 289 319 333 364 377 403 416 418 420 446 481 487
35 69 73 117 144 154 205 226 241 246 248 255 263 281 283 291 325 327 353 383 432 446 453 460 493
29 47 69 80 89 97 100 112 127 138 140 143 145 228 237 238 281 283 299 330 402 412 416 456
14 17 25 33 66 107 108 119 123 137 145 155 159 228 280 289 336 340 344 366 374 389 414 423
26 28 35 63 81 83 85 118 209 237 246 247 254 294 300 319 359 412 414 420 436 461
6 40 61 81 83 86 87 89 118 127 170 207 214 222 234 242 248 300 313 319 325 337 356 399 405 442 443 455 462 471 477 497
13 36 60 63 67 81 94 107 126 140 145 148 170 206 207 213 222 231 241 255 268 281 300 328 371 400 402 437 439 484 490
9 28 38 39 85 92 127 130 132 142 147 159 170 198 206 214 259 272 281 283 293 294 302 325 399 404 439 443 445 455 456 479 487 492
0 12 36 38 68 72 87 109 119 153 170 178 192 214 234 260 306 324 361 416 420 442 443 444 457 490 496
18 23 55 87 109 118 138 152 169 214 231 240 246 265 281 319 324 325 329 346 360 371 374 414 418 425 432 440 444 459
159 171 190 208 281 299 300 319 329 364 374 400 402 412 423 432 439 444
0 6 33 40 45 104 123 154 167 213 220 303 306 311 322 359 362 368 375 397 404 417 419 420 471 480 495
18 25 38 41 81 126 127 140 148 159 182 187 188 204 205 229 233 238 246 247 261 266 277 280 281 298 303 319 327 329 360 371 377 402 415 418
2 13 28 39 69 102 105 121 138 143 155 159 163 210 216 222 306 334 360 381 405 432 453 455 456 463 477 490
43 45 51 67 80 81 85 87 117 155 160 227 246 248 289 295 300 330 340 347 368 404 420 444 470
3 8 9 36 40 57 63 91 120 124 132 137 139 210 230 282 300 350 397 399 471 482 495
106 116 117 127 242 246 258 274 288 311 353 389 405 409 412 429 479 490 492 493
3 33 42 55 67 68 99 117 119 152 153 169 185 203 213 214 217 222 232 233 234 247 266 318 444 490 497
61 99 105 107 109 118 124 149 150 182 209 221 230 248 266 300 329 337 353 360 374 377 399 402 440 463 471 473 480
4 29 36 38 42 51 52 62 63 67 76 83 116 123 172 205 209 215 221 267 293 300 311 317 326 371 387 391 432 442 471 490
4 17 24 31 34 38 48 68 69 74 127 150 152 167 186 219 234 253 274 289 325 337 339 359 402 432 442 495
59 63 87 116 126 127 150 163 178 179 221 289 353 368 398 439 456 462 470 492
5 35 69 117 132 139 173 227 330 472
7 10 11 18 23 31 86 97 117 124 140 145 155 193 212 281 282 283 316 324 348 353 378 415 418 420 435 446 454
12 14 38 60 63 100 112 118 132 178 221 257 282 316 318 326 332 337 374 389 402 416 420 444 471 495
14 23 34 39 40 73 85 86 161 166 246 316 360 366 370 387 395 416 420 482 484
17 24 41 55 61 63 69 74 80 127 152 154 171 175 218 221 229 230 259 266 267 363 405 409 432 436 444 471 480
38 62 88 116 129 135 147 150 171 173 221 231 241 261 282 289 321 325 339 398 404 431 432 437 455 460 471 480 497
14 33 38 40 53 62 87 119 139 140 142 146 152 167 172 191 202 217 220 241 415 453 495
7 12 16 28 48 83 87 144 231 267 317 322 335 412
7 8 18 28 35 36 38 40 46 95 124 148 176 182 202 203 209 222 233 241 247 281 286 318 336 403 414 416 422 439 442 443 445 471 495
4 6 47 51 63 67 76 90 100 138 142 144 147 150 192 222 252 286 318 328 361 421 442 455 472 485 492 497
6 46 48 50 83 85 127 142 145 146 160 169 180 207 231 234 248 299 335 348 357 359 377 399 404 405 421 442 455 471 490
35 36 74 86 154 182 222 247 292 382 403 411 425 445
8 10 46 80 89 123 131 233 238 274 281 289 293 318 352 371 385 400 402 403 409 414 423 432 469 472
32 38 39 45 101 160 163 168 176 179 219 247 306 310 311 316 333 368 371 377 416 456 493
5 17 25 80 122 125 132 139 147 169 212 221 247 279 284 293 313 331 340 344 364 368 374 392 403 405 415 423 482 495
0 17 34 35 60 69 93 132 150 167 176 188 221 281 297 300 312 319 330 335 350 360 387 395 415 416 420 439 477 491
3 15 40 46 66 86 107 108 152 185 199 203 213 306 357 368 389 412 437 480 486
42 43 66 67 69 75 95 100 116 118 124 147 148 149 185 221 274 277 304 389 421 442 446
6 11 36 73 74 80 85 102 106 118 119 142 145 154 191 205 217 242 246 283 318 333 342 354 364 377 405 409 438 439 442 492 493 494
3 38 61 97 125 138 160 237 255 259 298 371 395 431 437 442 443 471 474 486 490
4 18 24 25 76 81 95 104 123 169 171 179 188 202 209 221 281 282 299 358 371 402 412 421 437 444 451 456 464
3 9 10 46 47 52 85 87 107 142 147 148 150 234 238 245 246 306 402 405 420 436 437 439 472 490 495
0 3 55 61 69 80 123 130 132 173 174 192 201 206 217 219 227 229 232 233 234 247 277 293 298 302 303 323 325 346 350 368 377 403 416 439 455 480 481 482 486
35 83 106 127 171 191 204 209 240 259 300 313 334 335 359 388 395 397 400 441 469 490
35 50 63 69 145 189 193 201 209 214 227 326 334 336 348 366 374 397 398 410 437 442 447 456 474 495
8 38 61 69 83 124 146 147 170 215 281 289 311 318 350 382 402 403 415 416 420 432 477 493
11 38 39 67 85 89 108 131 145 147 159 198 242 259 274 289 293 344 377 405 412 443 456 472
11 14 61 73 81 93 98 99 100 101 112 124 128 130 170 179 234 307 311 344 350 353 403 416 420 445 486 497
14 28 80 81 87 89 93 109 114 144 145 190 202 240 258 306 353 409 410 428 447 459 479 493
31 38 43 86 106 107 109 123 185 222 237 319 322 338 361 404 410 486
8 11 13 17 26 63 122 132 133 142 148 213 222 241 246 311 335 400 402 405 417 432 438 443 480 484
28 36 62 68 81 85 123 127 132 133 148 170 203 221 235 248 300 314 321 336 359 360 387 402 405 412 490
10 23 25 47 91 116 137 154 189 204 247 277 280 303 358 362 377 397 412
29 67 125 160 169 170 209 247 261 263 266 332 409 432 477 486
8 17 35 36 47 61 70 83 86 87 89 91 102 104 109 117 123 145 238 246 259 353 387 404 425 442 447 455 459 477
3 15 33 39 40 66 69 81 86 107 152 167 172 220 227 233 269 283 294 302 374 396 446 471 493
3 8 36 39 73 83 87 116 117 144 150 167 168 246 281 289 292 318 356 418 444 446 480
0 17 23 33 55 67 74 86 117 120 137 213 300 309 328 330 359 399 405 421 436
9 12 87 100 121 144 182 185 188 203 231 240 280 291 293 317 322 325 333 335 354 371 399 416 444 482 492
3 8 10 41 78 85 120 123 138 190 191 209 233 235 238 252 255 274 330 400 403 420 431 439 469 477
11 29 35 43 117 120 146 221 222 260 281 318 334 364 374 405 477 482
4 35 36 38 45 63 68 69 70 85 161 173 182 241 243 282 287 289 306 314 353 380 383 395 416 419 428 431 447 451 455 477
40 67 80 139 145 171 199 242 247 293 306 322 324 328 330 335 360 374 420 459 464
14 30 36 96 121 123 148 226 233 274 409 412 444 456 495
48 49 78 93 148 163 168 170 185 188 206 234 248 278 295 318 326 330 361 381 389 444 447 465 472 480 490 493
11 17 38 47 63 77 85 147 170 198 221 268 287 335 336 360 387 395 416 488
9 27 53 70 72 101 106 109 112 132 135 136 144 148 154 190 193 204 234 247 252 292 306 319 338 387 400 401 416 430 463 490
21 22 29 51 67 86 144 149 153 240 325 387 402 404 412 416 451 478 481
25 39 46 107 112 116 222 281 293 298 300 318 323 348 389 402 420 426 486
14 27 35 36 40 48 53 81 123 125 135 137 142 159 160 179 214 259 299 300 316 321 360 361 377 391 400 425 429 435 436 443 444 491
8 48 63 69 73 78 81 117 149 152 154 179 214 217 219 227 274 281 283 284 298 299 334 337 359 369 400 404 461 477 484 491
40 117 154 155 234 237 259 282 283 336 360 368 409 414 478 487
8 43 89 132 144 182 189 192 197 199 218 222 286 300 318 353 369 374 402 404 409 414 415 432 442 456 472 490
11 31 97 99 117 127 130 140 143 160 163 170 183 205 209 213 219 220 259 273 274 323 325 339 360 367 397 399 410 416 436 438 444 453 490
25 28 34 43 59 71 80 87 116 127 146 147 191 197 221 222 231 238 241 248 281 357 374 399 403 405 416 425 436 443 471
7 8 9 28 45 55 68 73 80 83 85 103 137 163 183 210 214 238 259 304 335 368 379 461
9 21 36 43 63 72 95 135 138 169 174 188 360 416 420 436 442 446 455 484
26 31 87 124 136 157 246 311 328 368 371 377 380 389 420 437
13 66 121 145 169 200 222 261 266 267 292 306 318 333 342 360 371 372 432 443 444
45 63 69 83 89 127 142 172 217 246 284 295 337 360 376 377 387 388 390 400 412 456 472 486 488
9 48 85 91 100 112 117 119 123 142 144 204 210 231 232 236 238 280 281 306 320 335 347 348 397 399 412 413 423 464 480 486 488 493 494
5 6 49 66 87 118 120 139 147 166 179 193 201 221 240 248 260 277 362 397 432 493
12 80 87 116 143 144 246 317 319 322 335 461
17 19 53 78 104 124 173 221 261 300 322 340 344 374 377 446 496
8 11 21 38 44 142 145 154 170 261 299 311 339 353 405 409 444 461 486 487
5 7 14 29 40 69 73 81 116 125 127 150 195 219 222 229 231 247 260 289 291 330 347 350 354 360 374 416 437 461
7 26 28 36 39 44 66 73 76 98 116 144 152 155 168 182 197 205 219 221 235 300 319 387 416 418 444 490
8 26 38 39 40 55 73 119 124 154 167 222 259 277 281 309 336 364 376 399 405 432 461 470
3 12 14 38 80 108 124 132 150 191 234 246 248 294 374 377 400 410 446
29 33 48 63 120 123 132 150 163 191 238 241 248 253 285 292 298 359 401 420
14 62 67 116 130 139 140 171 203 221 222 247 248 281 337 360 371 399 420 432 436 464 492
5 6 27 36 45 90 97 100 106 124 125 154 176 214 221 222 237 295 330 331 346 353 360 366 368 371 377 414 417 433 437 442 446 459 471 481
7 31 34 38 43 48 52 72 74 83 87 117 119 136 150 193 238 277 318 335 342 371 372 387 412 416 418 432 437 471
17 28 63 84 109 127 128 132 152 170 188 189 222 233 241 274 281 286 318 319 405 412 418 455 459 472 482
5 33 62 87 93 109 116 126 139 142 150 170 173 198 201 241 283 292 304 364 399 404 418 444 472
14 29 68 81 96 149 168 182 214 260 306 319 395 409 416 442 444 482 490 495
42 57 89 100 101 119 163 178 219 222 259 289 310 387 405 446 456 472
36 38 40 41 106 189 205 221 233 238 259 289 326 360 370 378 405 424 425 442 483 493
21 35 36 40 48 89 99 104 107 161 169 193 208 209 214 280 283 295 316 360 374 417 423
4 11 27 40 63 67 86 87 100 106 150 174 209 211 222 246 255 300 309 313 353 356 369 399 412 416 422 433 437 446 450 471 477 492
35 48 87 93 103 105 117 137 148 160 179 214 221 222 231 247 248 257 261 316 344 348 381 404 423 459 477 484
3 14 21 43 57 63 81 87 112 117 127 135 144 192 214 238 289 311 320 323 325 330 360 416 425 438 443 464 470 480
38 40 41 73 81 107 123 159 160 182 201 204 247 280 281 314 322 338 340 371 377 428 472 480 497
28 87 90 119 121 123 125 137 145 155 167 178 247 272 299 306 339 368 409 418 444 470 481 490
3 38 63 69 86 89 100 101 107 113 127 132 163 248 261 267 293 319 326 385 387 410 416 437 442 471 480 487
39 51 63 81 117 120 123 127 131 160 163 168 227 238 241 252 258 259 278 281 289 318 325 326 332 371 412 425 432 438 451 456 469
33 36 83 87 97 127 150 188 210 222 233 266 274 293 331 404 425 439 444 493
8 11 25 27 28 80 108 137 140 159 182 193 204 227 234 311 331 368 403 420 456 480 486 492 495
28 48 119 132 166 238 255 261 293 360
17 28 40 123 127 182 183 189 231 246 247 292 298 340 344 353 371 404 415 420 446 464 470 478 481 482 490 496
42 47 50 85 87 101 109 132 139 146 154 170 214 231 248 259 281 300 306 348 368 399 400 405 416 437 443 471 486 490
26 38 72 117 127 137 163 212 261 288 346 347 395 402 405 414 420 444 453 459
9 62 98 101 155 169 193 221 238 303 306 321 339 344 399 402 431 432 448 459 477
14 17 22 33 38 63 74 79 81 87 111 122 124 193 206 227 238 268 281 303 323 335 362 387 420 432 442
34 38 63 99 116 128 129 203 268 281 283 323 335 360 362 399 403 446 455
8 11 36 39 52 55 61 63 87 92 127 130 133 140 154 169 203 205 209 212 213 248 293 337 347 403 418 422 425 439 446 464 479 485
25 29 36 38 55 57 63 67 80 85 119 148 150 154 159 186 253 271 304 307 324 325 332 342 353 360 377 412 443 484
3 23 28 33 36 69 70 87 107 123 154 189 246 324 325 346 350 360 363 374 377 414 432 442
3 9 19 38 40 83 123 144 157 169 192 208 259 306 325 338 371 447 486
20 28 48 74 85 90 104 127 140 155 188 192 259 289 303 321 326 329 337 447 487 491 493
21 35 38 47 61 66 67 72 73 85 92 103 104 112 119 123 132 221 263 293 346 385 395 404 420 429 444 491
3 9 12 14 26 117 123 124 144 146 238 242 246 247 277 318 321 371 374 403 445 484 491
5 60 63 69 92 140 155 160 163 170 178 182 216 234 293 295 311 330 359 389 405 420 431 442 444 447 453 464 480 492
35 36 38 40 87 89 91 100 116 117 118 160 178 195 198 204 222 223 267 282 289 294 335 353 359 368 374 387 397 459 495
3 14 25 80 89 93 102 123 138 145 185 222 228 238 242 246 290 300 316 350 356 366 399 409 444 477 480 493
38 60 63 67 69 92 98 100 107 119 121 148 163 182 243 263 267 295 300 316 325 360 380 387 419 456 472 480 483 493
5 70 83 85 112 117 124 140 145 167 172 182 191 192 204 214 231 246 281 300 400 414 423 432 442 446 477 490
17 99 106 123 139 152 167 188 193 210 214 221 228 238 247 248 266 282 291 313 316 319 339 360 364 381 404 425 432 444 463 477 480 484 488
9 26 57 67 86 107 123 127 179 182 192 222 238 261 283 293 306 335 390 396 402 418 420 442 455 471 486
3 10 35 38 39 89 112 116 117 123 142 148 160 204 261 274 280 336 350 368 374 403 432 435 437 444 446 459 471
25 35 36 87 88 123 125 152 154 205 222 227 247 281 318 338 344 377 386 400 412 444 472 493
7 42 63 83 101 107 108 120 123 142 171 182 189 222 326 334 336 353 368 410
63 81 112 137 140 167 170 192 208 209 261 274 281 289 295 316 330 336 347 377 389 392 401 405 431 439 446
23 61 72 91 127 147 157 179 197 282 362 401 402 404 405 460 471 480
15 19 28 80 81 83 93 132 142 171 189 217 220 231 278 314 333 412 429 432 437 459 474 486 492 495
9 17 26 33 38 73 86 87 97 100 104 137 139 159 175 180 188 221 274 364 374 400 409 442 446 456 470
3 8 21 42 44 111 124 138 145 167 170 188 191 192 197 219 224 231 247 293 325 328 339 377 380 389 403 416
34 87 89 119 145 160 229 236 254 294 350 359 379 412 438 446 465 480 495
61 66 67 87 101 107 125 144 146 148 169 195 222 260 334 336 360 402 416 477 482 497
10 34 43 70 83 147 166 188 191 216 219 222 260 280 317 319 322 405 420 443 444 477 487 497
3 10 11 57 61 73 81 85 87 119 137 142 155 163 277 281 307 319 325 374 402 416 423 439 473
5 9 10 35 67 107 117 169 232 247 292 316 343 372 404 432 443 471 477 486
14 35 36 60 72 87 89 97 104 154 188 193 217 222 238 246 286 311 337 374 380 402 405 412 446 471
21 61 63 69 70 83 124 140 150 202 229 231 287 303 334 377 403 416 432 480
31 33 36 72 100 125 127 147 188 222 229 233 238 241 274 291 318 390 399 402 403 411 416 425 479 495
18 27 38 47 80 87 92 103 106 148 240 259 277 283 321 337 344 359 360 374 397 402 405 416 463 493 497
3 38 48 51 71 108 137 140 155 161 185 222 266 280 300 337 346 364 414 439 449 477 485
78 87 112 192 281 338 428 430 494
13 87 107 117 132 154 155 159 188 212 221 245 248 287 293 301 326 344 353 372 400 420 437 450 456 471 490
11 62 69 86 116 117 132 137 139 154 159 182 187 207 209 213 226 272 281 283 299 312 319 350 360 375 400 412 464
1 38 67 80 83 124 137 146 152 182 199 214 219 222 266 277 351 364 377 378 403 416 478 481
8 10 39 45 49 63 67 85 104 147 159 189 192 221 231 246 326 336 377 410 412 456 481 493
33 36 38 48 91 132 159 163 168 170 179 202 210 212 214 231 281 318 374 377 402 414 416 426 463
5 10 26 72 89 123 139 170 171 173 191 214 221 247 248 292 339 368 371 391 416 420 455 463 472 493
8 83 93 94 176 217 219 283 290 293 300 306 320 344 347 371 404 444 460 467 493
29 35 132 135 150 154 155 170 221 222 231 277 280 289 299 325 331 359 361 376 399 412 436 492
60 68 69 71 84 107 118 123 210 216 242 248 254 259 263 282 293 318 321 336 368 388 410 418 424 471 472 481
10 34 97 155 163 170 179 214 226 237 241 259 278 280 281 293 299 302 319 337 368 392 402 432 444 471 484
26 70 83 148 160 182 247 296 311 316 327 340 368 374 395 402 419
36 51 61 63 74 78 80 96 104 143 144 176 201 303 325 335 374 395 400 403 442 443 444 461 480 491
24 99 101 172 173 179 210 231 238 247 266 321 368 447 471 497
28 36 38 87 89 100 109 112 116 154 158 207 219 221 231 236 259 299 300 316 371 377 402 443 490
9 17 18 26 38 55 59 116 117 127 132 178 179 193 213 219 222 227 228 231 248 281 284 337 357 360 388 389 400 402 417 436 490
66 119 124 127 145 150 152 179 193 274 286 335 377 399 402 403 412 421 445 455 494
6 35 38 63 112 130 153 155 171 187 214 221 247 281 284 293 300 313 319 337 359 362 402 409 416 444 463 472 492
12 14 21 33 38 68 74 80 127 155 221 222 233 293 298 303 402 405 418 444 447 490 499
14 28 43 47 53 59 69 87 112 123 124 163 166 193 274 284 300 318 326 329 358 360 399 410 416 424 432 446 451 480
5 14 43 63 86 90 124 132 133 175 203 307 318 326 339 346 403 485
38 41 69 126 132 229 231 236 275 303 353 372 377 395 403 423 424 442 477
17 23 87 150 155 215 224 247 319 331 337 374 402 405 414 444 464 487
39 53 72 78 87 101 148 160 190 201 324 338 378 400 416 431 446 472 490
11 51 61 100 131 157 169 179 274 281 293 316 339 400 402 423 429 436 456 481 484
51 77 80 85 101 170 171 174 191 207 209 214 222 246 281 284 293 298 300 318 323 326 337 360 443 472 481 490 494
10 11 35 39 40 69 71 87 90 123 126 146 158 247 293 307 313 318 329 330 353 359 402 405 409 425 432 441 444 451 455 464 471 486 492
5 71 87 100 117 138 163 197 240 281 294 360 371 399 446 493
10 28 35 36 52 71 86 104 116 123 124 131 132 147 155 192 197 238 283 325 331 356 374 377 405 412 416 421 422 428 461
14 38 43 67 132 139 147 204 275 281 330 339 372 384 395 423 444 492 495
43 87 101 137 140 209 266 300 311 316 338 344 389 404 439 463 497
9 27 38 62 78 109 132 142 144 154 234 242 266 306 388 395 404 417 423 433 453 471 483 490
6 9 38 78 87 89 111 160 168 189 201 212 214 221 222 231 298 339 362 405 409 418 447 480 490 497
9 36 44 49 68 79 123 127 145 214 217 231 281 284 318 328 374 403 435 444 487
5 9 21 28 49 80 90 107 119 136 145 168 188 238 336 371 405 412 439 443 444 464 472 483 486
10 11 49 66 80 87 109 118 129 130 135 147 167 210 219 245 248 281 293 311 359 368 376 398 402 405 409 419 423 432 455 460 461 471 481 482 486
17 39 48 78 85 87 104 112 131 147 178 201 210 222 248 280 294 299 325 377 385 387 402 412 455 464
10 14 21 25 47 72 73 81 89 129 186 192 218 221 229 230 240 248 274 293 318 346 377 418 432 439 487
11 34 36 38 70 73 83 85 93 104 109 118 124 132 135 144 167 204 211 213 217 222 242 246 248 259 265 269 281 283 299 318 330 334 357 403 410 432 462 468 471 477 481
18 31 42 76 116 132 146 155 160 182 219 228 247 259 292 293 304 336 364 368 377 384 443
3 12 47 69 80 85 89 97 117 121 142 147 160 168 169 208 231 283 286 323 371 375 416 444 455 456 473
36 40 43 47 73 79 81 87 108 119 170 179 209 219 236 259 263 268 278 313 324 337 338 339 374 377 402 416 420 423 442 455 465 471
17 18 38 47 66 70 101 116 127 193 203 259 269 278 371 389 399 403 444 445 454 455 472 487 491
17 23 52 94 108 109 112 117 118 124 125 127 221 278 280 289 311 337 402 439 444 455 459 484 487
11 25 28 42 47 51 67 71 89 112 123 124 127 139 167 188 222 318 371 389 399 443 446
14 35 40 67 70 119 132 171 189 238 240 267 318 319 347 363 368 371 377 392 400 410 423 442 443 447 480 495
21 36 72 75 93 188 230 248 259 372 442 446 471 477 487
33 38 48 55 67 87 100 117 132 169 170 188 198 209 214 221 243 266 280 300 331 333 384 387 388 402 409 432 455 490
0 10 46 80 85 87 131 142 150 238 274 286 293 325 330 338 353 402 412 455 472 480
4 5 62 76 101 109 132 151 154 169 182 210 222 230 248 259 260 318 359 402 405 442 443 473 483
7 28 49 63 81 85 104 112 118 127 247 279 446 463 480 484 487
47 72 80 121 123 140 142 150 159 219 233 245 281 335 339 340 359 379 400 416 437 459
4 33 36 38 63 65 67 87 100 109 121 127 132 139 170 217 219 242 246 302 328 359 374 406 409 437 463 472 495
20 27 29 36 43 53 103 116 138 179 214 247 282 295 314 319 339 414 429 456
14 17 61 68 73 83 86 117 127 183 219 229 233 236 242 325 387 400 405 420 442 446 456 472
14 21 29 34 42 97 111 124 142 221 237 260 306 311 322 340 357 371 374 392 402 417 420 438 472 491
3 11 49 63 87 169 188 190 259 266 281 292 339 360 377 399 402 405 456 485 486
11 17 40 63 67 72 87 140 142 145 167 173 174 227 231 236 259 289 322 326 330 358 374 389 432 439 447 471 472 482 484 486
3 10 12 14 32 38 61 124 150 159 246 248 259 292 293 306 312 374 397 441 471
29 36 38 43 68 95 125 126 150 169 182 214 293 350 374 439 442 447 471 490
3 63 69 80 113 117 261 293 318 352 396 414 429 442 472 480
26 36 63 67 78 80 85 100 139 140 171 186 187 192 200 227 246 261 286 295 298 319 331 338 490 491
9 36 63 69 83 89 121 140 150 182 188 221 247 285 286 319 339 409 436 437 487
9 28 29 34 36 38 47 48 61 75 85 87 160 170 182 186 192 210 221 238 259 316 319 321 353 360 412 414 453 471 496
17 28 71 101 187 188 219 221 222 236 240 241 242 255 281 318 325 337 346 390 402 412 414 416 428 494
23 28 36 73 90 124 145 178 180 210 222 233 241 259 267 300 326 333 374 377 380 389 402 403 416 437 439 442 446 449
16 23 28 40 43 47 50 57 70 95 100 192 214 230 316 319 487
11 36 38 40 42 72 74 80 90 137 147 168 170 214 231 233 241 289 306 316 317 319 324 338 346 347 348 364 371 379 402 416 421 425 446 470 471
17 68 85 109 112 154 182 192 209 215 217 227 245 294 300 323 324 369 378 414 422 437 488 497
4 36 40 61 95 104 108 117 126 143 147 188 190 222 243 246 280 283 299 318 358 439 442 448 451 459 472 477
40 41 61 87 125 139 154 170 179 182 188 195 218 221 227 238 259 291 335 347 368 395 471 481
21 35 36 47 63 107 120 139 147 233 238 248 316 387 412 418 442 443 459
8 10 16 28 44 48 49 81 104 112 127 155 182 192 238 247 255 279 319 374 403 432 435 463
9 21 25 34 61 108 124 137 154 214 222 227 233 274 281 306 316 334 337 375 395 399 400 416 442 443 457 464 484
0 3 17 26 69 95 109 169 170 171 187 188 194 274 304 319 363 368 371 387 402 405 412 418 437 446 450 456 464 486 493
24 47 85 117 163 221 248 293 294 314 324 344 375 460 463 484
13 38 46 56 63 81 119 147 154 155 176 217 222 246 272 316 323 402
11 15 17 75 79 99 101 118 163 169 210 211 212 283 318 319 337 344 397 399 414 417 436 443 447 497
33 40 86 87 91 127 154 178 246 255 281 282 307 319 326 351 397 409 434 442 446 470 485 495
5 29 36 40 48 63 69 76 99 123 144 169 238 241 277 281 285 292 326 374 405 414 416 418 421 425 442 445
70 129 147 149 197 209 295 359 453 463 473
9 34 36 47 53 63 87 123 137 161 187 192 201 205 227 238 240 246 248 274 281 360 372 420 425 464 471 486 496
10 11 40 62 66 72 85 163 169 205 238 302 307 325 326 374 402 416 418 446 462
9 15 26 28 33 35 51 73 80 100 139 170 191 219 231 260 289 307 312 318 325 326 331 353 364 423 439 443 445 446 453 456 461
5 52 86 104 148 150 155 236 240 281 283 374 377 388 422 444 464 472
11 29 51 71 86 97 105 107 108 123 150 222 245 246 259 312 314 316 334 389 399 416 418 431 442 447 472 478 484 495
40 93 209 229 306 317 326 331 348 377 379 403 414 416 446 471 481
3 28 38 41 60 62 112 121 132 140 144 198 212 282 299 318 338 380 395 400 412 416 439 446 463 488
4 6 25 26 72 116 145 181 198 204 215 221 268 300 331 338 339 346 353 357 371 379 381 402 405 412 432 440 444 455 472 484
18 28 41 44 87 93 101 108 117 127 140 145 187 214 231 278 289 318 319 336 344 375 399 400 409 439 455 461 471 473
4 11 62 69 73 87 101 109 135 137 142 164 179 192 201 221 233 246 247 255 273 292 316 326 328 335 352 359 377 396 405 443 471
9 14 35 36 78 80 81 93 118 119 201 205 209 234 243 266 281 339 344 346 374 377 412 416 432 486
12 36 38 41 66 83 86 106 117 125 144 180 222 224 248 253 255 259 281 322 326 334 346 371 404 432 446 459 470 472 495
11 17 29 38 42 69 74 86 107 132 159 163 173 222 262 293 312 324 367 403 409 432 481 490 494 495
3 19 28 42 85 107 108 116 119 171 188 216 222 238 240 284 290 291 306 321 322 325 371 383 395 423 442 455 471 480 485
3 10 11 12 62 63 67 106 127 155 204 205 213 233 238 248 260 277 281 282 335 342 364 371 387 399 401 456 460 486 490
21 23 63 73 80 83 116 119 148 150 161 191 192 209 215 257 299 319 322 374 377 378 442 444 497
8 28 63 70 78 80 117 127 132 169 182 214 221 222 230 247 269 293 319 323 335 342 347 357 360 371 374 414 438 439 446
21 28 33 83 90 111 129 136 145 174 300 387 399 443 472 477
47 63 72 74 109 132 138 139 187 214 222 273 300 337 347 350 359 368 387 391 444 446 456 480 484
8 21 38 79 99 125 132 145 154 163 184 185 188 193 214 221 233 238 280 295 300 326 335 336 354 364 371 409 412 417 419 432 446 456 493
33 35 48 93 142 184 218 240 263 360 398 404 444 461 487
38 73 86 102 108 117 127 132 139 145 169 188 210 360 364 411 432 455 480
9 19 47 69 107 112 139 144 192 201 205 222 297 331 338 368 371 486 490
15 20 38 45 57 61 63 81 154 159 183 221 246 259 274 281 293 335 372 375 395 431 446 471
29 38 44 95 120 157 159 171 259 271 311 318 319 339 360 363 368 377 395 402 409 439 471
25 38 63 74 89 119 135 163 217 221 263 322 326 334 335 360 371 399 402 410 415 437 471 480
3 40 63 67 132 137 182 201 217 222 240 274 302 330 331 335 360 369 374 400 409 423 424 425 439 455 460 489 490
12 16 17 38 40 47 63 123 127 133 162 174 185 237 246 259 263 284 299 387 405 436 473 482 482
