0 4 5 6 8 17 34 36 38 39 41 42 45 47 49 50 51 52 53 55 61 62 63 67 69 71 73 74 78 83 94
7 8 9 11 14 18 21 25 35 38 39 40 42 43 59 63 69 80 81 83 85 87 93 97
0 5 7 8 9 10 12 17 26 36 38 42 43 45 50 57 60 62 63 69 71 73 85 86 91 92 93
0 4 6 11 13 14 17 18 19 20 23 25 26 29 33 38 42 48 62 63 71 72 75 80 83 84 95 96
0 3 5 7 11 12 13 14 17 18 21 23 32 38 39 40 43 52 57 60 61 62 63 67 68 69 70 71 74 79 80 81 83 87 89
3 7 9 29 36 43 45 47 69 72 74 78 85 89 93 95 97
3 4 12 15 17 21 28 31 33 38 39 40 43 47 48 61 65 69 71 72 74 80 81 83 86 87 89 93 96 98
3 17 26 33 36 40 43 45 48 52 61 62 63 73 74 78 83 86 87
5 6 8 11 14 17 20 21 28 33 35 36 40 43 48 51 52 57 59 61 63 66 77 81 83 85 89 90
5 8 14 21 26 29 31 35 38 39 41 42 59 62 63 70 86 95
1 3 5 7 11 14 28 31 33 35 36 43 45 48 57 61 63 69 77 80 81 82 86 91
8 12 20 21 26 28 29 31 43 50 61 63 67 69 72 80 83 86 87 88 89 93 96
11 13 17 21 23 25 28 29 31 35 36 38 40 47 48 50 62 66 67 70 71 73 74 81 83 85 92 97
13 21 29 36 43 51 57 59 62 63 69 70 72 83 85 87 89 95 97
3 5 21 23 28 36 38 40 46 48 49 51 57 63 66 67 68 69 71 74 77 78 81 83 84 85 86 87 95
7 8 12 13 17 21 25 27 34 35 36 38 40 45 47 48 49 51 52 63 66 67 68 71 72 74 80 82 83 85 86 87 89 91 93
0 3 8 10 12 13 14 17 23 26 28 35 36 38 40 42 48 51 57 61 62 63 69 73 74 76 81 85 86 87 89 90 93 97
3 8 9 11 17 24 28 34 36 38 39 42 47 48 60 61 63 69 71 72 74 80 85 87 89 90 91 92 95
3 5 7 11 12 28 33 38 40 47 48 55 66 67 68 69 78 81 83 87 88 89 95
0 4 8 11 13 14 17 23 27 28 29 36 38 40 48 69 71 72 76 78 81 85 93 95
7 8 9 13 17 25 26 33 38 40 46 47 55 63 73 75 80 81 92 97 98
9 10 11 13 14 17 27 29 34 35 36 38 39 42 43 48 57 60 63 68 71 76 78 79 81 86 87 92
0 7 9 14 16 17 22 25 27 28 29 35 36 38 39 48 52 53 61 63 69 80 84 85 89 93
3 5 11 12 17 23 31 36 38 39 40 41 42 43 47 48 51 53 57 61 68 71 72 80 81 85 87 89 91 93 95 99
7 9 14 18 20 23 25 27 36 38 39 46 52 68 69 71 72 76 78 81 87 90 95
8 12 14 18 19 22 23 33 35 36 38 39 43 48 50 63 66 67 68 69 74 78 81 83 85 87 90 91 92 93 94
0 3 4 10 11 13 14 25 36 38 40 42 43 47 50 51 53 55 61 62 63 69 71 96 97
4 8 9 12 17 21 23 24 26 28 29 33 34 35 36 38 39 43 48 51 62 69 73 74 81 86 87 90 93 96 98
3 8 11 12 13 17 20 28 33 34 36 38 40 45 46 48 49 61 63 72 73 80 85 87
4 6 7 8 12 19 23 25 33 35 39 57 61 62 66 69 72 75 78 80 83 85 86 87 95
0 5 7 11 14 17 25 26 28 29 33 35 36 38 43 46 47 48 51 52 63 67 69 72 80 81 85 86 87 90 97
3 5 6 8 14 23 26 28 34 35 36 38 39 40 43 48 49 59 63 68 69 72 73 81 83 85 87 89 94 95 99
7 8 13 24 28 35 38 40 43 45 48 66 69 72 73 78 80 86 88 92 93
0 3 5 8 9 11 12 14 17 19 21 25 28 29 34 36 38 49 51 52 55 61 62 63 66 67 68 69 72 73 81 83 84 85 87 89 90 93 97
8 14 17 19 29 31 35 36 38 39 40 41 42 43 47 49 51 59 62 63 73 76 81 82 83 85 86 87 93 95 96
0 6 8 9 12 14 17 28 35 38 39 43 47 48 53 63 68 74 75 80 86 93 98
3 8 17 23 25 26 28 35 36 38 39 43 48 52 61 62 63 69 70 71 72 73 77 80 87 90 93 95 97
9 10 12 13 14 16 26 28 36 38 39 40 47 52 62 68 69 78 90 97
0 3 7 8 9 11 16 17 19 21 24 27 28 31 33 36 39 40 46 48 54 63 66 67 69 71 72 73 83 85 87 95
3 4 7 8 9 17 23 26 28 34 36 39 42 43 48 52 60 63 66 67 69 81 85 87 95
7 8 12 19 23 26 28 29 36 38 42 47 48 49 52 62 63 71 72 73 80 81 83 86 87 88 92
3 8 12 19 20 21 23 28 36 39 41 42 43 45 48 63 68 72 73 85 87 90 93 94 97
3 4 6 7 9 10 15 17 18 19 23 25 33 35 36 41 46 51 57 61 63 71 74 86 87 89
3 5 6 7 11 14 19 21 23 26 27 28 33 35 36 38 48 51 59 61 63 65 67 68 81 83 93 95
3 7 8 10 11 12 13 21 22 24 28 29 31 34 40 43 47 48 49 50 51 60 61 63 68 70 71 72 73 80 87 89 90 92 93
5 7 8 9 11 15 18 21 23 27 33 38 39 41 48 50 51 60 63 66 67 69 71 81 83 85 87 93 95
6 8 10 14 19 26 29 34 35 36 43 47 48 49 67 69 73 81 83 84 86 87 95 97
7 8 10 16 23 26 27 28 29 40 41 47 48 60 63 67 69 74 78 81 83 85 89
3 7 10 13 14 17 21 23 35 36 40 43 45 46 48 68 69 71 72 78 83 85 94 97
9 10 13 14 17 19 22 29 34 35 36 41 43 45 47 51 62 63 69 71 72 74 78 79 83 89 93 97
3 4 5 9 17 27 28 36 38 39 40 41 42 43 46 48 49 53 57 62 63 69 71 72 78 81 83 86 87 88 93 97
3 8 11 21 22 26 28 29 40 41 48 52 60 63 68 69 70 74 78 80 87 94
5 7 8 17 23 34 38 41 52 55 59 60 67 69 70 71 73 80 83 86 87 91
3 7 11 22 25 31 34 35 36 38 40 47 51 52 69 78 83 87 89 97
5 11 14 15 17 21 23 26 28 29 36 40 43 46 48 61 63 69 72 74 75 85 86 89
9 12 17 21 23 35 36 38 47 48 49 51 52 60 63 65 66 67 69 70 71 85 87 90 93
3 8 9 13 14 16 21 24 28 29 31 33 36 38 43 46 47 48 50 63 67 74 78 81 83 87 93 95
6 7 8 17 25 29 36 38 50 61 63 68 69 71 73 74 77 87 92 93
3 14 15 25 28 36 38 39 49 51 61 62 63 67 78 80 81 85 86 92
6 8 11 12 36 38 39 40 52 61 63 68 70 83 85 89 95
4 7 8 11 13 14 15 17 29 35 36 40 43 55 57 60 61 62 67 68 69 72 73 81 86 87 89 97
3 7 8 9 11 17 21 23 24 26 28 34 36 38 40 42 47 48 53 60 61 62 71 72 78 80 81 85 87 89 97 98
3 24 25 28 36 38 40 43 47 52 54 66 69 71 73 80 94
7 8 11 12 21 25 28 33 34 35 36 38 39 51 63 67 71 72 78 83 87 89 90 95 99
0 3 5 14 17 18 25 28 36 38 39 40 45 49 51 52 53 68 71 83 85 87 89 90 93 94
8 10 12 14 17 21 23 25 29 34 36 38 39 41 42 43 45 47 49 50 62 63 66 69 73 81 86 87 97 99
0 3 6 8 9 24 26 28 29 36 38 42 44 45 47 48 51 57 61 63 66 67 68 86 87
8 11 26 29 42 43 51 54 61 62 69 72 76 81 85 88 93
9 14 21 23 33 36 38 39 47 48 55 61 63 73 80 81 86 87 93
0 14 33 35 38 39 42 47 63 66 67 69 73 80 81 83 84 86 87
3 11 14 17 25 28 35 36 38 40 45 48 51 52 62 63 69 70 71 72 73 81 83 85 86 87 91 97
3 4 5 7 14 17 18 19 22 28 29 32 35 36 38 39 43 49 50 51 52 54 60 61 63 67 69 72 77 80 86 95
3 7 8 17 34 36 38 45 48 50 57 61 62 63 67 69 71 80 81 85 93 95 96 99
0 5 9 11 14 23 26 29 34 35 36 40 41 43 55 62 69 70 71 80 83 87 97
3 8 9 14 20 28 29 40 42 43 73 74 81 83 87 90 98
3 5 6 7 9 14 17 18 35 38 39 40 41 42 43 49 51 53 55 63 69 71 72 81 83 85 86 87 89 93 97
0 3 6 7 8 11 15 17 23 28 29 34 36 39 46 47 52 59 72 73 78 85 87 88 93 97
10 21 33 34 36 38 42 47 55 71 87
3 6 7 8 9 21 24 26 27 28 29 31 36 38 39 40 42 43 48 55 62 63 69 78 83 85 86 94
10 11 12 13 14 17 26 33 34 35 38 40 42 43 44 45 47 48 50 51 52 60 63 71 74 75 83 85 86 87 88 89 93 97
4 7 8 11 14 21 26 28 36 47 60 63 66 67 71 72 76 81 83 92 93
9 11 24 29 35 38 40 48 53 57 61 63 67 69 71 85 86 88 99
0 3 6 14 21 28 33 34 36 38 47 48 51 52 62 67 69 71 78 80 83 85 86 87 93 96
7 8 9 11 17 21 23 24 25 26 32 36 38 40 42 47 51 66 67 70 73 74 76 78 86 87 90 98
3 11 15 31 34 35 36 41 43 47 52 61 63 68 69 70 83 85 92 96
3 6 8 12 17 21 23 25 28 35 36 38 39 43 45 47 50 51 61 62 63 69 70 71 74 76 80 83 85 87 89 90 94
0 3 5 8 10 11 14 18 19 24 25 26 33 34 38 39 41 46 48 57 61 63 67 81 86 87 91
0 3 9 19 28 29 31 35 36 38 42 46 48 49 51 62 66 67 69 71 73 80 81 83 86 87
5 6 8 14 19 21 28 31 33 36 38 39 40 61 63 69 73 80 87 93 96 97
0 8 9 11 12 14 18 22 26 28 33 38 39 40 44 47 48 50 63 66 67 71 74 78 80 81 83 86 87 90 93 98
3 8 9 17 18 29 31 32 33 35 36 38 43 48 49 53 62 63 67 69 70 72 78 80 83 86 87 89
0 13 18 19 24 25 28 29 35 38 47 51 61 62 63 67 69 70 73 74 75 78 80 81 85 87 89 92
4 20 28 31 35 39 40 47 62 67 69 72 80 83 86 87 88 93
0 3 4 5 9 11 12 14 15 17 28 29 33 36 38 40 45 47 48 51 61 63 67 68 74 78 85 89 97
10 11 14 23 24 28 35 36 38 40 41 42 47 48 52 53 55 63 69 74 79 80 81 83 85 87 93 95
0 6 8 10 18 21 23 24 36 38 39 40 41 42 47 49 52 53 55 61 63 67 69 73 78 81 83 86 87 90 91 93 97
3 4 8 10 17 23 34 38 40 43 48 60 61 67 68 86 87 93
9 11 17 19 26 28 29 36 38 43 44 46 47 48 51 55 62 63 69 71 72 73 80 86 87 91 97
3 7 8 13 14 25 29 34 35 36 47 48 50 57 61 62 63 67 69 72 78 86 87 92 93 95
3 7 8 10 11 12 14 18 21 22 26 38 39 40 42 43 47 48 51 52 55 62 66 80 85 87 93 95
3 6 8 9 13 15 17 21 22 34 36 38 39 48 51 62 63 66 67 69 72 73 78 83 86 87 89 93 95
3 6 7 11 15 17 23 28 34 35 36 38 48 61 71 74 78 80 85 87 91 97
4 5 7 11 12 38 39 47 48 57 60 63 69 73 78 80 85 87 89 93
3 4 9 17 26 35 36 43 45 47 48 51 57 61 63 67 71 72 74 77 85 87 89
0 8 11 13 17 28 36 38 39 42 47 49 52 54 61 63 67 68 69 74 76 78 83 92 93 96
3 5 8 9 11 14 17 18 26 27 28 36 38 39 43 46 50 51 52 60 61 62 63 66 68 71 72 74 77 80 81 83 85 86
0 7 8 9 11 14 17 19 23 33 35 38 40 43 47 48 49 54 57 60 62 63 69 70 73 80 81 83 85 86 87 90
0 8 12 17 21 24 25 27 28 29 34 38 43 47 48 57 62 63 66 67 69 78 80 81 87 89 93 94
3 9 12 15 17 20 29 31 36 38 40 41 43 53 55 61 66 67 68 69 73 74 83 85 86 87 94
6 9 11 12 21 24 29 36 38 40 41 43 48 51 53 62 63 66 67 68 69 70 73 80 81 87 93
3 7 8 9 11 16 17 24 34 36 38 39 41 43 45 48 51 52 61 69 72 76 79 86 87 88 89 94
8 10 15 16 18 21 23 33 35 36 42 44 50 51 53 55 60 66 71 87 90 93
7 19 21 22 25 29 34 36 39 45 48 50 60 63 67 71 72 80 88 89 91
0 3 4 5 8 10 13 15 18 21 23 26 27 29 33 38 40 42 48 50 52 53 55 57 60 62 63 66 69 70 71 73 86 88 89 90 98
3 9 11 17 20 22 23 29 33 35 36 38 40 42 48 52 54 59 66 68 69 71 78 85 86 87 93 95
3 8 14 21 25 26 36 38 39 43 45 47 51 53 63 67 78 80 85 87 94 95
11 20 29 38 39 40 50 52 60 67 71 76 80 86 87
0 3 5 6 8 10 11 23 26 31 35 38 40 42 43 46 47 50 51 55 60 68 78 80 87
3 5 11 13 21 30 38 39 46 52 62 63 66 68 71 72 74 78 81 87 92
0 14 16 17 25 26 32 38 48 49 61 63 69 73 85 86 87 89 93 97
5 8 9 10 35 36 38 39 43 47 50 53 55 63 68 73 80 86 87 92 93 95
3 6 9 11 17 23 28 31 33 38 39 41 44 45 48 52 53 66 67 68 69 71 73 78 87
3 5 7 9 11 17 19 25 28 31 35 36 38 39 41 43 52 63 68 69 73 74 83 85 86 87 90 92
5 8 9 17 22 28 31 36 38 39 41 47 48 51 52 53 63 66 67 69 70 71 74 75 80 83 86 87 96 97
3 7 8 11 16 18 19 24 32 34 35 38 47 51 52 53 60 63 67 69 71 72 78 85 87 95
3 8 12 14 16 17 18 19 21 24 28 29 33 38 40 47 48 52 57 62 63 66 67 72 78 86 90
3 5 9 10 11 12 17 19 25 29 31 33 38 39 40 43 45 47 48 52 57 63 72 77 80 81 83 85 87 88 89 90
0 3 7 23 31 35 38 39 40 50 61 62 69 81 86 98
28 29 31 36 38 39 48 57 62 63 66 67 69 74 76 78 80 81 85 87 99
0 3 6 14 17 21 34 35 36 38 39 40 46 50 51 61 62 63 71 74 81 85 86 89 90 99
0 3 7 13 17 26 39 43 47 49 51 53 60 63 69 80 85 87 91 95
3 4 17 18 21 28 35 36 38 45 48 55 57 61 63 67 70 81 90 92 95
0 3 4 5 10 11 12 14 17 22 23 26 29 31 32 36 38 39 40 41 43 48 61 63 67 69 73 76 80 86 87 88 89 91
6 7 8 9 11 17 18 29 36 38 40 43 47 50 52 57 62 63 68 72 74 78 80 87 96
3 6 7 8 13 15 17 29 33 34 36 37 39 43 45 48 50 51 56 59 63 67 69 72 74 78 79 81 84 85 87 89 90 93 95
3 5 7 9 14 15 17 19 23 24 28 29 34 35 36 38 47 48 51 53 57 61 62 66 68 70 72 87 93 96
14 17 23 51 69 70 72 83 87 89
7 19 25 33 34 35 47 48 49 55 62 67 69 70 75 76 80 86 87 88 89
12 13 14 25 33 36 40 41 42 47 48 63 67 69 86 87 89
3 11 26 35 36 38 47 48 51 66 74 78 83 87
3 7 8 12 29 36 38 39 49 51 53 60 61 63 67 69 81 90 91 92 97
3 8 12 14 15 25 29 36 43 48 53 63 66 69 70 71 74 76 78 85 87
3 4 7 8 9 28 29 36 38 47 51 60 61 62 63 67 69 80 81 83 86 87 91 92 93 97
0 9 17 21 26 29 33 35 38 40 43 63 67 69 71 80 87 89
3 5 9 10 17 23 25 35 36 38 40 49 60 63 68 69 71 72 74 79 81 85 87 91 94 95
0 6 9 10 21 26 28 29 33 38 39 42 59 61 62 63 69 71
0 3 8 10 15 17 21 23 33 34 35 36 38 43 61 62 63 69 70 72 75 78 80 85 87 92 96 99
3 4 8 10 17 20 21 25 26 35 36 38 39 42 48 60 61 62 63 66 69 71 74 80 81 83 85 87 99
9 10 14 17 18 23 25 28 29 33 36 38 39 40 41 42 47 50 57 59 69 74 80 81 85 86 87 95
7 8 11 16 18 23 25 26 29 34 36 38 39 43 47 48 50 55 61 62 63 69 70 73 81 86 87 89 97
10 14 20 28 38 51 60 62 63 68 71 74 80 81 86 87 89 93 98
4 5 9 14 36 38 40 43 47 49 55 63 67 69 78 85 87 93 94 97
3 5 9 17 25 27 36 43 48 51 53 55 57 61 62 63 69 78 87 90 95
0 3 5 6 8 11 23 29 34 36 38 39 41 46 48 49 51 52 53 59 60 61 63 68 69 73 76 78 80 81 86 87
3 8 13 15 17 28 35 36 38 50 51 62 63 71 73 78 81 83 87 90 93 95
4 7 8 25 29 33 34 45 52 53 63 69 73 76 85 95
3 8 11 15 17 21 22 23 28 35 36 40 45 46 47 48 63 69 85 88 89 93 94 95 98 99
6 8 11 14 17 28 29 33 38 62 63 67 69 80 83 87 95
13 17 19 27 34 38 51 69 74 81 84 86 89 95 99
0 3 4 10 11 16 17 18 21 25 28 33 34 35 38 43 48 51 52 60 62 63 68 69 71 73 75 76 81 83 85 86 87 89 93 97
3 7 9 11 14 25 29 30 33 35 43 46 47 48 52 55 63 66 67 69 73 76 77 78 81 83 85 89 93
0 8 17 18 23 28 36 42 45 47 48 51 62 63 66 69 71 75 85 87 97
7 8 9 13 17 21 24 29 33 36 40 42 47 51 63 67 69 73 80 83 85 86 87 93 97
8 11 12 23 24 25 36 38 40 42 43 55 59 63 69 71 73 74 76 80 81 83 85 87 99
2 3 5 7 9 11 13 17 19 21 25 28 33 34 35 36 38 52 57 61 62 63 68 69 71 72 73 80 81 83 85 86 95 97
0 6 8 9 11 22 27 36 38 39 41 47 48 49 51 52 62 63 68 69 71 73 80 83 85 86 87 89 90 92 95 99
8 11 17 26 28 29 36 38 42 59 62 63 70 76 80 81 83 85 86 87 93 94 95
0 5 6 14 17 18 23 27 28 36 41 51 52 57 59 61 62 63 65 69 72 75 79 80 83 85 87 89 90 93
5 7 9 11 14 18 27 28 35 38 40 43 45 46 48 51 54 55 60 61 63 66 67 68 69 72 73 75 83 85 87 95
4 8 9 10 11 14 24 25 26 28 36 38 39 47 48 49 52 62 63 66 69 71 79 85 90
5 7 8 9 11 23 26 27 29 35 36 38 44 53 60 63 69 71 73 74 81 87 88 93 98
4 14 17 18 23 28 36 51 69 72 76 83 84 89 93
7 8 12 15 23 28 36 38 39 41 42 45 48 57 63 67 69 71 80 81 83 85 95 97
3 4 8 10 11 12 14 15 23 36 40 43 48 52 57 60 62 63 67 69 71 73 83 86 97 98
1 3 5 7 8 10 14 17 18 29 36 38 39 43 44 47 48 51 52 62 63 67 69 70 73 76 80 83 87 89 90 93 94 95 98
8 10 14 16 17 21 24 35 36 38 40 43 47 48 60 62 63 66 67 71 73 81 85 87 96 97
0 6 7 8 11 14 18 19 21 25 29 35 38 40 42 63 67 69 70 71 74 78 81 94 95
5 9 18 21 33 34 35 36 38 42 43 49 52 62 69 70 71 73 78 80 95
0 8 11 14 16 17 29 36 38 51 61 62 66 72 73 81 85 92
4 8 28 34 36 40 62 63 66 69 71 73 86 90 97
5 9 12 13 21 22 23 28 38 44 48 50 51 61 69 71 73 81 86
3 6 7 8 10 11 14 16 23 24 31 34 38 40 43 46 48 53 61 62 63 67 69 71 72 85 86 87 97
9 11 12 13 15 17 19 22 24 33 38 39 40 42 48 49 50 60 63 66 67 68 70 76 89 92 95
4 8 10 11 17 21 23 24 28 33 34 38 40 43 46 47 51 52 61 63 67 69 73 74 80 81 83 84 86 87 89 93
9 10 17 18 20 21 22 25 36 38 41 42 43 47 55 57 62 71 81 87
7 9 13 16 18 20 22 27 29 35 36 38 48 50 51 53 57 61 66 74 78 81 85 89 93 96 97
11 14 19 21 23 24 26 29 33 38 41 49 50 53 55 61 62 63 67 69
3 7 8 15 17 28 29 36 39 47 52 62 63 67 69 72 73 74 78 79 81 85 87 93
0 8 9 11 12 14 17 19 22 38 39 40 43 47 48 51 52 62 63 69 72 75 80 81 86 87 89 97 99
6 11 14 17 18 28 29 36 38 41 48 51 53 62 73 81 87 89 90 93 97
3 7 10 11 23 33 34 35 36 38 39 40 47 48 60 61 63 68 69 71 72 73 75 81 85 88 89 93 99
3 9 11 23 28 29 36 42 43 50 61 62 75 79 93
11 23 28 36 38 39 43 54 57 78 80 83 87 93 97
3 11 13 17 18 23 27 29 34 36 38 40 42 48 52 56 74 78 79 81 83 89
0 6 8 21 28 49 52 59 60 61 62 63 65 68 73 85 87 95 97
3 8 10 14 29 36 38 39 45 47 51 52 55 62 66 69 73 76 86 87
4 8 9 11 16 17 18 21 24 25 29 31 38 43 45 47 53 60 63 69 71 72 74 83 87 89 95 97 98
8 10 17 24 38 40 52 53 60 67 71 72 80 86 87 89 95 97
12 14 29 34 36 43 47 53 55 59 63 67 69 70 76 80 87 88 90 91 92 95
4 7 8 11 12 13 14 16 17 18 27 28 29 34 36 38 43 46 47 49 50 55 61 67 71 72 79 80 83 86 87 92 93 95
6 29 34 36 38 39 43 47 48 55 62 63 67 69 71 78 83 86
3 11 12 14 21 36 38 39 43 48 53 61 63 66 80 81 83 93 97
3 7 9 13 28 34 38 39 47 51 53 57 61 62 66 67 69 72 74 78 83 85 86 87
0 5 6 7 9 10 11 21 22 26 28 41 47 50 62 63 67 69 72 80 83 85
6 8 9 14 17 23 33 36 38 39 41 47 49 61 62 63 69 71 72 80 83 86 87 93
7 8 11 14 26 28 29 31 35 36 39 40 43 50 61 63 73 80 83 87 88 91
3 5 6 9 14 18 29 36 39 49 52 53 61 63 68 69 72 78 80 81 87 93 96
8 14 18 21 27 28 29 39 40 41 43 47 55 63 66 67 72 73 74 78 80 85 87 89
5 29 33 36 47 52 57 63 69 73 74 83 87 98
3 5 7 8 11 13 15 17 20 21 26 28 33 39 40 48 51 53 62 66 74 78 81 87 93
3 4 7 9 11 12 14 21 23 24 28 36 38 40 43 47 48 51 53 62 63 66 68 71 72 74 83 85 87 89 93 97
3 8 9 12 14 23 24 27 29 36 38 39 40 41 46 51 52 53 55 68 69 72 73 80 86 87 89 93 95
3 5 8 9 23 31 33 34 35 38 43 48 51 52 57 60 61 66 67 69 78 80 81 87
6 7 8 11 12 14 21 23 28 32 34 35 36 38 43 44 45 59 60 61 63 66 67 68 69 78 80 85 86 87 95
9 11 13 15 17 25 28 34 36 38 39 40 43 47 49 60 62 66 69 71 72 73 76 85 87 92 97
9 11 14 17 21 23 26 28 33 38 40 41 42 43 47 48 51 52 62 63 69 71 74 80 81 84 85 87 88 89 95
3 4 6 7 9 11 14 17 18 19 21 25 28 34 35 38 42 43 45 47 51 61 62 63 66 69 71 73 75 86 87 90 93 94 95 97
7 9 10 17 23 38 39 42 45 51 52 54 59 61 62 63 69 71 73 87
8 11 14 19 23 28 31 39 40 42 45 47 60 62 73 74 78 80 81 85 88 93
4 6 8 9 12 14 17 23 26 28 29 36 38 39 42 43 45 48 55 63 66 69 70 78 85 86 87 92 93 95 97
0 5 7 8 9 12 14 25 28 36 38 47 48 51 60 63 67 69 73 74 78 80 81 86 87 93 99
0 3 4 8 9 11 17 23 26 29 34 36 38 39 43 47 51 56 62 63 68 69 71 73 78 80 83 84 87 89
8 9 16 17 24 25 35 36 40 43 47 67 78 80 81 83 86 87 89 91 93 97
8 12 17 21 28 34 42 47 51 52 63 69 71 72 78 80 81 83 87 93 95
3 6 9 11 22 28 30 40 51 61 66 68 69 73 76 86 98
0 8 26 36 38 39 43 47 52 54 61 62 67 71 80 85 86 88
3 4 8 11 12 14 17 18 21 24 26 28 36 38 39 40 43 47 48 50 53 60 69 70 85 89 92 96 99
6 8 17 23 25 33 36 39 47 48 51 57 62 66 69 71 78 80 85 89 97
3 8 11 13 14 17 22 23 26 38 43 47 62 66 70 72 85 86 87 89 96
5 8 9 11 29 33 34 38 43 59 63 68 69 72 73 80 81 85 86 87 89 91 93
0 4 7 14 17 26 28 29 33 38 42 48 63 65 67 71 72 85 86 87 89 93 94 95 98
5 6 8 13 17 25 29 34 39 42 47 49 50 59 61 62 67 71 76 78 81 83 85 95 98
5 7 8 11 12 15 18 19 21 22 25 28 35 38 39 40 41 43 63 72 76 83 86 87 93
3 5 7 18 25 28 36 38 42 43 49 51 55 57 61 62 63 66 67 71 72 77 81 85 87 89
6 10 11 22 23 31 35 36 38 40 47 48 51 62 63 67 69 70 72 73 81 83 85 86 87 89 90 94
0 3 5 6 12 13 17 26 29 31 38 39 40 41 42 48 49 50 60 61 63 69 72 80 81 83 85 86 87 90
7 9 14 16 21 23 27 34 35 36 38 43 47 48 49 61 62 63 67 69 70 81 85 87 88 89 90 93 97
3 7 8 9 11 18 20 21 28 29 39 41 42 47 49 57 61 63 66 67 68 69 74 76 80 85 86 87
3 6 8 10 28 36 38 39 40 42 47 49 50 51 52 53 61 63 67 71 78 83 85 87 92
3 8 9 12 14 23 28 34 36 38 40 46 47 51 62 63 64 66 69 70 71 74 75 80 81 83 85 87 88 97
6 8 9 11 14 21 23 24 25 39 43 47 53 57 62 63 66 67 68 80 83 87 89 93 95 99
0 3 5 6 8 11 12 14 23 26 28 35 36 38 39 40 41 48 55 57 62 63 67 69 70 73 76 80 83 86 87 95
0 7 11 14 19 21 28 35 38 47 48 57 62 63 66 69 70 78 87
0 4 8 9 13 17 18 20 28 36 38 39 47 48 60 61 62 63 66 69 71 79 80 89 90 92
1 3 8 11 14 21 22 28 38 39 40 48 51 59 61 62 63 66 67 69 79 81 83 85 87 89 93 97 98
1 3 7 13 21 24 29 31 38 41 42 47 50 53 60 62 63 69 73 75 80 81 86 88
0 3 7 11 14 15 21 23 29 31 33 38 40 43 61 62 63 69 85 87 89 93 95 97
7 8 9 11 12 13 24 26 28 33 38 39 43 46 53 61 63 69 70 71 78 81 83 87
3 5 10 11 14 17 25 36 42 43 53 59 60 61 62 63 68 72 73 78 80 83 85 86 87 93 96
3 13 14 23 25 26 29 34 36 38 43 47 48 50 51 52 53 61 63 67 69 70 78 81 89 90 93
1 3 7 8 9 14 18 23 26 28 29 33 34 38 47 52 63 68 69 80 83 85 86 95
3 7 9 11 15 17 24 28 32 35 36 38 39 41 61 63 66 70 72 74 78 80 83 86 90 93
3 8 11 16 23 28 31 38 43 45 51 61 63 68 70 73 78 81 87 97
8 9 14 21 23 25 26 28 29 34 35 36 38 39 42 43 45 48 49 52 61 67 69 70 71 73 78 80 81 87 90 93 97
5 7 8 9 17 25 33 34 43 45 55 68 72 73 80 87
3 4 7 9 16 19 28 31 35 38 40 43 45 48 60 62 63 67 72 73 78 81 83 85 87 94 95
4 10 14 18 34 40 49 62 63 69 71 76 81 89 95
0 4 6 7 8 22 23 24 26 28 29 32 35 36 38 39 40 41 47 48 52 53 55 62 63 66 68 69 71 72 78 80 81 86 87 90
3 8 17 24 34 36 38 42 45 48 54 60 63 64 69 70 76 83 87 97
3 6 7 9 11 17 23 28 36 38 40 42 47 61 63 72 83 85 95 96
3 12 13 19 21 28 35 36 38 39 43 49 51 62 87 90 93 94
0 3 7 17 20 23 28 29 33 36 39 40 43 45 48 52 53 60 61 63 67 68 69 71 78 81 85 87 89 93 95 97
5 6 10 11 28 29 38 39 42 48 51 57 59 61 63 67 69 80 83 87
3 10 11 18 19 21 28 38 40 42 43 47 48 50 59 63 66 71 72 74 80 85 87 88 91 93 95
4 8 13 23 25 26 28 38 40 55 59 61 74 86 89
8 9 19 22 28 35 36 38 39 40 43 48 50 51 61 63 67 69 70 72 73 76 78 80 85 86 87 88
7 15 25 31 35 36 38 43 48 61 67 69 70 71 74 75 83 87 97 98
0 3 8 12 16 23 24 28 29 36 38 47 48 53 61 63 65 68 69 71 72 75 76 85 87 89 93
4 9 12 14 21 23 25 26 29 31 36 38 42 43 48 49 55 57 69 71 80 81 87
3 7 8 9 13 17 24 26 28 36 38 40 43 59 63 68 69 72 73 75 80 83 86 87 93 98
3 8 10 14 23 28 36 38 39 47 48 49 52 57 62 63 85 86 87
13 15 31 34 36 38 43 48 49 52 61 66 69 78 85 86 87 89 93
11 15 23 29 46 47 86 95
0 3 22 23 26 28 34 35 38 48 55 63 69 81 86
8 10 13 14 17 18 21 22 26 33 36 48 51 52 53 60 63 68 69 71 72 78 83 86 88 90 92 93 97
12 13 16 39 40 43 47 48 50 63 71 72 73 87 98
3 5 7 9 11 20 22 23 26 28 35 39 40 52 61 62 63 64 66 67 69 80 83 85 87 89 90 95
3 8 9 14 26 33 36 38 42 52 53 61 62 63 67 69 72 78 80 86
3 6 8 11 29 32 35 38 39 53 62 63 67 78 87 93 95
4 6 8 10 15 16 17 22 33 35 36 38 40 43 48 63 69 70 72 73 78 86 90
3 8 9 11 12 16 20 22 26 38 39 40 47 48 56 60 63 70 71 72 73 83 85 86 87
7 8 9 14 17 19 23 28 31 36 38 39 42 43 48 51 53 55 57 61 63 68 69 71 72 74 76 78 80 87 89 98
0 3 7 9 12 29 35 40 43 51 52 69 73 75 80 83 87 88 89 95
3 4 7 8 11 12 14 17 23 25 28 29 38 43 45 50 51 52 60 61 63 72 74 86 87 89 92 93 95
7 11 14 21 28 34 38 43 48 51 69 70 73 80 83 85 86 87 88 89 94 95 99
3 8 14 26 28 29 33 36 38 39 45 48 50 51 52 61 69 73 79 80 81 84 86 87 93 96
6 7 9 12 14 17 21 23 29 34 36 38 48 51 62 63 66 67 69 70 76 81 87 93 94 96
3 13 16 19 28 31 35 36 38 42 43 45 46 47 52 57 61 63 67 68 69 74 77 81 83 86 87 99
3 21 34 38 39 43 48 60 69 72 80 87 88 89 97
0 3 14 23 28 29 32 35 38 41 43 48 49 55 61 63 66 69 70 73 78 80 86 87 88 90 92 97
3 9 10 11 12 14 15 16 18 23 28 31 34 35 38 39 41 43 46 49 50 51 52 62 63 64 66 67 69 78 83 85 86 87 93
8 11 34 36 38 42 45 47 52 57 61 62 63 67 69 70 71 77 78 80 81 85 87 89
0 3 4 9 12 13 14 16 28 33 34 36 38 39 48 51 53 61 63 71 72 87
4 5 8 17 21 25 28 35 36 38 39 40 43 48 51 59 60 67 68 69 71 80 83 85 96
3 8 9 17 19 23 28 31 33 38 39 43 46 48 51 52 53 63 67 71 83 85 86
3 11 13 20 25 26 29 35 36 38 47 48 50 51 53 61 63 72 79 85 87 95
8 9 11 12 17 19 26 28 33 36 38 40 43 47 52 57 59 60 63 69 72 74 78 79 83 85 87 89 91 93 95
3 9 10 11 14 28 36 38 39 47 48 52 57 61 62 63 68 69 72 73 81 85 89 97
0 9 11 14 17 22 28 36 43 47 48 53 59 61 63 73 74 86 87 95 96
3 8 12 17 25 29 36 38 41 47 48 53 57 63 69 73 76 80 85 87
12 19 23 26 33 36 38 45 50 63 69 71 73 76 78 80 81 83 86 89 96
4 7 8 9 14 17 23 26 28 29 34 35 38 39 43 48 61 63 69 71 74 76 78 80 83 85 86 91
3 5 8 14 19 20 21 24 34 35 36 38 39 47 48 49 50 52 53 55 57 63 67 68 69 74 80 85 87 89 94 95 98
0 4 7 8 11 16 17 23 26 28 29 36 38 42 60 61 66 70 73 80 81 83 85 87
5 8 11 14 16 17 25 28 33 34 38 39 40 42 52 59 63 69 70 71 78 80 83 89 93 95
8 9 10 13 14 15 21 22 28 29 31 34 36 38 39 42 44 45 47 48 50 52 55 63 67 68 69 70 71 78 80 81 83 85 86 89 90 96
9 21 23 24 28 33 36 38 40 47 48 49 50 62 63 70 76 78 80 87 90 98
3 5 8 12 14 19 22 33 35 36 39 41 48 53 63 67 71 78 80 83 86 89 93 96
0 8 10 20 26 28 33 38 50 63 69 70 71 80 82 83 85 87 88 89 97
3 5 11 12 14 17 23 24 27 29 34 35 36 38 39 40 41 51 52 64 66 71 73 74 76 80 85 87 89 90 91 97
1 3 6 8 26 36 39 52 61 63 67 69 70 83 92
6 8 10 11 14 17 26 29 36 40 45 48 70 73 80 85 87 89 93 97 99
3 4 5 6 9 16 28 33 34 38 39 43 44 47 48 49 50 51 61 62 63 71 76 83 85 86
3 5 10 25 29 33 38 40 42 46 47 48 50 52 57 59 63 68 69 70 74 78 80 83 85 87 89
3 9 10 11 17 23 24 29 35 38 40 44 47 50 61 69 73 74 85 86 87 88 89 90 93 97 98
0 13 17 21 28 38 40 42 47 50 63 78 81 83 87 88 93 97
3 7 8 9 10 17 25 26 36 47 48 52 53 54 57 63 68 72 75 78 80 81 87 90 97 98
0 3 8 11 16 18 21 22 26 28 29 31 38 40 41 43 49 51 59 60 63 69 70 72 73 80 85 93 97
0 3 6 8 11 12 15 17 18 29 34 36 38 40 47 62 63 69 72 78 83 85 95 97
3 9 11 12 13 14 18 25 28 29 36 38 42 47 48 49 51 62 63 67 78 85 87
6 8 17 18 29 33 36 38 45 48 83 85 87 93
3 11 12 17 21 36 39 45 60 68 69 70 73 85 87 92
4 9 14 38 42 47 48 50 52 53 60 62 67 71 73 85 87 88 89 97
9 10 11 13 17 18 19 23 28 29 35 36 38 39 40 41 45 46 52 61 62 67 70 80 87 93 95
0 6 7 9 11 14 15 16 17 23 28 29 33 36 38 40 48 61 63 67 69 72 78 80 81 83 85 86 87 94 95
5 7 8 12 14 29 37 38 45 47 48 56 62 63 67 68 71 76 81 83 84 86 87 91 95
0 5 7 11 14 18 21 23 24 25 36 43 51 52 67 69 76 81 87 89
4 5 8 14 16 17 21 28 31 33 38 45 47 48 63 67 80 83 85 86 87 96
0 3 8 9 17 31 40 48 69 71 74 78 80 81 85 86 89 97
3 8 11 12 17 18 25 34 35 36 47 48 49 50 62 63 67 69 70 72 76 78 81 83 85 86 87
3 8 12 14 17 18 19 23 29 36 38 39 42 47 48 49 59 60 63 69 72 73 83 86 87 89
0 3 7 11 17 18 23 26 35 38 42 43 47 49 51 63 66 68 69 71 73 78 79 83 86 89
12 14 17 18 29 33 35 36 38 47 48 57 63 67 69 70 71 77 81 86 87
3 12 19 21 23 28 29 31 36 39 41 47 48 50 53 55 60 61 62 67 74 78 80 83 87 97
7 13 14 29 34 35 36 38 39 40 42 43 51 57 67 68 69 70 71 76 78 83 85 86 87 88 89 95
5 6 8 9 10 11 17 21 26 29 38 39 42 46 47 48 49 51 61 63 66 69 76 87 92 97
0 7 8 9 11 12 17 28 36 38 39 43 48 52 60 61 63 68 73 81 86 87 89 91
3 8 9 11 17 21 28 31 33 38 39 40 43 48 52 53 63 67 68 76 78 83 85 86 87 88
1 3 9 11 12 18 40 41 48 51 52 53 57 63 69 70 71 78 79 81 83 90
0 5 7 9 10 12 17 24 25 27 28 35 36 38 40 42 48 51 55 71 81 83 85 87 92 93
0 6 7 11 14 17 19 21 28 29 31 33 36 38 42 48 50 51 63 68 69 72 73 81 85 87 92 95 98
7 8 17 18 28 29 35 36 38 47 48 50 53 55 60 63 67 68 69 70 80 81 83 85 87 93 95
11 22 45 48 50 51 53 61 67 68 69 71 78 80 86 87 88 89 93 95 99
8 23 28 35 38 43 48 60 61 62 68 81 94
0 3 4 6 13 20 21 26 29 33 34 40 43 48 51 52 63 66 67 69 76 80 81 83 85 87 90 93 94 96
3 4 5 6 7 8 19 23 25 28 31 34 35 38 47 48 50 51 59 61 63 66 69 71 80 87 88
12 14 17 19 22 39 42 63 67 69 72 88 89 91
4 9 18 33 36 43 44 51 52 55 60 61 69 70 71 87 89 93 94 96
3 11 13 14 19 21 22 23 28 31 36 38 39 41 43 48 49 52 54 57 59 61 66 73 85 87 89 91 93 95
7 8 14 17 23 24 26 35 38 39 43 47 48 50 69 73 74 78 83 86 87 88 97
4 5 6 10 17 23 27 28 29 31 35 36 38 39 42 48 52 53 57 61 62 63 67 69 71 73 74 76 78 80 81 83 86 87 93
3 5 8 9 10 14 18 21 23 28 35 36 40 42 45 48 60 62 63 68 69 71 73 74 81 83 85 86 87 89 92 93 97
8 9 11 12 14 25 26 34 36 38 42 48 51 53 55 61 62 63 67 69 73 81 86 87 89 92 95 97 99
5 6 7 9 11 17 22 23 27 34 36 38 41 43 48 52 63 67 69 70 85 87 90
3 4 8 11 17 18 21 23 25 29 34 36 38 39 41 47 48 51 53 62 69 70 71 73 81 83 86 87 93 97
0 5 8 10 11 12 17 19 25 29 36 38 43 44 48 51 69 74 85 89 93 95 99
0 1 6 11 29 39 40 41 43 47 49 62 69 74 80 81 83 90
11 13 14 21 24 27 28 29 36 40 48 68 69 73 78 80 81 83 85 87 97
3 6 9 11 14 17 23 33 36 38 39 48 62 63 69 72 73 80 86 87 93
3 8 9 13 17 21 28 35 36 38 54 61 68 69 70 74 80 86 87 98
0 5 8 9 10 12 14 17 22 28 29 35 36 38 39 40 43 48 51 52 59 62 66 68 70 73 81 85 87 95 97
3 4 5 8 12 13 22 29 35 40 41 44 46 61 62 67 69 75 76 83 86 87 93 99
5 8 12 18 28 33 38 40 48 57 62 63 66 67 70 73 76 83 85 91 93 98
8 11 13 14 28 33 35 36 39 46 48 49 51 53 63 66 69 93 99
3 7 9 12 14 16 17 21 27 33 34 35 36 40 43 46 48 51 53 62 63 67 69 72 73 80 81 83 96 97 98
0 11 17 21 35 38 42 46 48 49 51 60 61 62 63 67 68 69 71 74 78 80 87 88 89 93
3 5 14 23 24 38 40 46 47 48 52 53 61 69 71 74 78 81 87 89 93
0 3 6 8 9 13 17 21 23 24 28 36 38 40 41 52 55 63 67 68 69 71 73 80 85 90 94
10 11 26 28 29 33 42 43 47 48 52 63 67 69 72 73 85 87 89 90 93
0 3 11 20 21 26 31 33 36 42 49 50 51 55 57 63 69 70 74 88 96
3 7 14 17 19 23 25 26 28 33 34 36 38 42 48 49 63 65 67 69 74 75 80 81 87 88 89
8 11 14 17 20 23 28 29 31 36 38 39 48 49 51 55 61 63 69 71 72 73 80 81 83 87 92 97 99
3 5 8 10 11 13 14 16 17 20 23 29 34 36 38 39 46 47 48 52 61 62 63 69 78 81 83 86 87 91 93
4 7 9 10 28 29 34 36 38 39 40 47 48 51 52 54 59 60 61 62 63 68 69 72 73 80 81 87 88 89 91 93 98
5 17 18 26 28 29 35 36 38 39 47 48 51 52 66 69 72 74 76 84 87 93
9 10 13 14 17 18 19 29 35 38 39 40 48 61 63 71 72 78 83 87 92 96
0 7 8 9 14 18 25 29 35 36 38 46 48 49 52 53 57 59 61 63 67 68 69 73 74 78 90 91
11 12 31 33 36 38 40 48 49 60 61 63 72 76 80 81 85 88 89 95
3 6 8 10 11 13 14 18 25 27 28 29 34 36 38 40 43 47 49 52 62 63 68 69 71 72 73 74 78 85 86 88 89
8 10 14 17 19 27 36 38 40 43 46 48 62 63 67 68 69 77 79 83 85 86 87 89 93 97
11 17 18 22 24 28 36 38 40 44 47 48 62 63 67 71 72 73 75 80 93 97
0 3 4 8 9 11 14 17 23 29 34 38 39 43 50 60 62 63 67 69 71 72 73 76 78 79 80 83 85 89 93 97
9 11 13 17 23 28 29 33 34 38 39 40 42 43 48 61 62 63 66 69 71 78 80 86 87 91 93 95
8 9 11 12 14 19 26 28 34 35 36 38 43 52 53 61 62 69 86 87 96 99
3 8 11 13 21 24 28 29 33 34 35 36 38 41 51 53 57 60 63 66 69 71 72 76 78 80 83 85 87 90 93
3 4 8 11 21 29 33 35 36 38 39 40 43 44 45 46 47 48 50 51 52 55 62 63 66 67 70 76 81 83 87 89 93
0 3 5 6 7 12 13 14 23 25 29 34 35 36 38 47 48 49 52 69 72 74 80 81 86 87 89 90 91 93
0 3 5 17 23 26 29 35 36 38 39 41 42 45 62 65 68 74 78 81 83 85 87 89 94
0 11 12 14 17 28 35 36 38 39 40 47 48 53 63 70 80 85 87
3 8 11 17 20 22 23 28 36 38 39 47 48 49 51 53 57 62 63 67 69 71 72 73 87 89 91 93 99
7 8 11 14 17 23 28 36 38 40 43 45 51 52 53 63 66 67 72 78 86 87 95
3 6 7 11 14 28 29 33 35 36 38 39 41 47 52 53 61 63 71 72 73 74 76 78 81 83 85 87 93 95
8 17 26 28 29 38 39 43 45 61 63 67 68 69 71 81 86 99
9 13 14 16 23 24 33 35 43 48 60 61 63 69 73 80 85 86 87 88 95 96 97
3 4 28 43 47 53 62 63 71 78 80 81 88 89 98
3 6 8 11 24 26 31 35 36 39 40 42 47 48 53 59 61 62 63 69 70 72 76 78 80 87 88 95
0 5 9 11 13 17 19 23 35 36 38 40 41 48 51 52 55 57 61 63 69 70 71 73 74 75 78 80 83 87
0 3 10 14 17 24 25 28 31 35 39 43 48 52 55 61 62 69 70 71 72 77 80 81 85 86 87 88 90 91 97
0 8 9 10 12 17 26 28 30 33 36 38 42 43 47 48 49 50 52 60 61 63 68 69 76 85 86 87 91 95 97
3 5 8 9 31 36 38 39 46 47 49 59 62 66 67 69 71 81 83 86 87
0 4 10 13 18 26 28 38 40 42 57 61 63 69 74 80 85 89 97
3 7 8 9 12 17 38 40 43 47 48 49 51 55 60 61 67 69 74 80 81 93
3 7 8 9 11 12 14 17 18 19 21 25 28 31 36 38 40 43 46 48 51 61 63 66 69 71 72 78 80 86 89 90 92
8 9 11 12 17 18 28 29 33 36 38 40 41 48 51 60 62 69 70 71 72 73 80 81 83 87 89 92 94
3 4 8 9 17 18 28 34 39 40 43 45 47 49 52 61 63 67 68 69 72 86 89 97
11 12 15 28 35 39 46 51 61 62 63 69 71 72 74 83 86 87 93
6 7 14 17 21 22 28 33 35 38 39 47 48 53 54 57 63 66 67 86 87 89 91 93 95
3 5 7 8 9 14 25 26 29 35 41 47 48 50 61 62 67 69 80 85 86 87 93 97
7 8 9 11 14 17 18 19 21 23 28 31 36 38 40 47 48 53 60 62 63 66 67 72 75 80 81 87 92 95
5 7 10 11 17 24 25 27 33 36 38 40 45 48 49 51 52 62 63 68 69 71 79 81 86 89 91 99
5 7 14 19 24 33 34 38 47 48 53 61 63 66 67 71 73 78 81 86 89 93
7 8 9 10 13 17 18 19 26 27 29 35 38 39 50 57 61 67 68 73 74 78 80 87 95
0 3 7 8 9 11 12 13 15 17 20 22 23 25 28 33 36 38 39 40 47 50 51 62 63 71 78 81 86 87 88 90 91
0 3 9 11 19 21 31 36 38 39 51 52 62 63 67 71 72 74 78 81 89 97 99
3 5 6 7 10 11 12 16 21 28 33 36 38 40 43 47 48 49 50 51 55 61 63 64 68 69 71 72 73 75 76 80 81 83 85 87 89 93
3 6 7 11 17 24 39 41 43 48 53 60 61 62 69 78 80 87 93 95 97
3 4 8 9 11 14 17 24 28 31 38 39 43 45 47 50 53 62 63 69 71 76 78 80 81 85 86 87 88 95
4 5 8 9 11 21 23 39 40 41 43 47 48 49 51 55 57 63 69 73 80 81 87 99
0 3 8 11 12 14 17 25 28 34 36 38 39 40 47 48 50 51 57 60 61 62 63 68 69 72 73 76 81 85 86 87 92 94 95 97
3 8 9 12 14 15 17 22 28 29 35 36 38 39 41 45 47 48 49 51 52 55 57 61 63 66 67 69 72 83 86 87 91 93
3 7 12 16 17 18 21 26 28 34 38 39 42 47 48 50 55 61 66 69 71 86
6 8 18 19 39 43 47 51 55 61 63 69 70 80 81 83 85 87 89 94 98
3 9 17 19 23 25 36 42 43 46 47 53 69 70 73 83 85 88 89
3 7 8 12 14 17 18 21 30 34 35 36 38 43 46 49 51 53 59 60 62 63 66 67 68 69 71 74 75 77 78 81 85 86 87 88 89 92 93 95
7 15 17 18 20 27 28 34 38 40 55 61 62 63 72 74 81 83 87 90 96 97
0 3 4 5 8 10 11 14 16 20 21 26 28 29 36 38 40 41 51 63 67 72 80 81 86 94 95
0 3 8 9 10 11 14 17 23 32 34 36 41 48 52 61 63 69 73 74 87 88 93
3 8 20 29 36 38 39 43 48 50 53 57 62 69 83 85 86 87 89 96 97 98
3 7 8 17 21 28 33 34 35 36 38 40 45 46 57 63 66 72 77 80 81 86 87
0 16 38 39 40 48 52 63 68 69 74 85 89 93
0 1 3 5 7 8 9 10 11 13 14 15 17 18 21 28 29 35 38 39 40 41 43 47 50 57 61 63 66 67 68 69 70 73 74 76 86 87 89 93 97
5 6 9 11 24 25 29 33 35 38 40 41 42 47 48 49 51 63 69 72 73 74 76 78 80 81 83 86 87 93 99
3 8 11 12 13 29 36 48 52 53 66 67 69 77 85 93
3 8 9 20 23 24 25 33 36 38 41 48 52 61 66 73 78 80 83 89
0 6 7 8 14 17 19 26 29 35 39 42 47 49 51 61 62 63 71 73 74 81 87 95 99
3 5 9 11 12 17 21 29 31 35 36 38 39 43 48 51 61 62 69 71 85 87 89 93
3 8 9 17 25 36 38 39 48 50 55 61 62 66 69 72 81 87 93 97
4 6 10 11 16 24 29 34 36 38 43 47 50 57 61 62 63 67 70 76 80 83 87 93 96
9 10 11 12 17 26 34 36 38 39 42 53 61 67 69 76 78 81 87 95 97
3 4 5 11 12 25 26 28 34 35 38 39 44 45 47 48 50 52 55 57 59 61 62 63 67 68 70 72 73 75 77 78 80 94
3 4 7 9 10 11 13 16 17 20 21 22 25 28 29 36 38 39 47 50 60 72 73 76 78 84 85 86 87 89 92
8 11 14 17 18 21 28 33 35 36 38 40 47 51 61 63 66 67 69 80 90 96
4 8 11 15 26 28 29 36 38 42 43 48 51 57 59 63 67 69 73 95
0 3 8 9 12 23 35 36 38 41 48 60 63 67 69 71 72 76 78 80 85 86 87 94 95
3 8 14 17 23 28 29 33 34 35 36 38 39 42 46 47 48 49 59 63 67 69 72 73 78 80 81 84 87 89 93 95
0 3 9 11 17 18 19 21 35 36 38 43 47 48 51 63 69 73 80 81 86 87 89 95
3 6 9 11 12 14 21 23 28 35 36 38 39 40 41 42 48 51 52 53 59 62 63 70 72 74 83 85 87 90 93 94
12 17 24 29 31 33 34 36 38 45 46 57 62 66 68 69 70 71 73 81 85 95
3 6 11 14 26 35 36 38 40 41 47 57 61 67 69 71 72 85 87 89 96
8 9 17 19 21 22 28 43 48 49 55 62 63 69 70 71 72 73 76 81 85 88 90 96
3 11 17 33 35 36 38 39 43 47 55 61 66 69 71 73 74 78 88 89 92 97
7 11 13 18 19 28 38 39 43 48 51 53 60 68 69 73 74 78 81 91 97
5 8 14 23 28 29 36 38 39 43 48 49 53 63 67 68 69 71 73 83 85 86 95 96
3 11 12 17 19 20 26 28 31 33 34 36 38 39 42 43 45 48 49 52 55 61 63 69 72 87 88 94
11 13 14 17 27 28 34 38 44 47 51 59 62 67 71 74 78 80 83 87 89 91
3 4 6 8 9 11 17 20 27 29 31 36 38 46 48 49 51 54 60 61 62 63 67 68 69 80 81 83 85 87 97
3 5 9 10 11 12 18 23 24 25 26 34 36 38 41 43 48 51 57 61 62 63 70 75 79 80 86 87 96
0 8 9 15 17 22 28 38 39 42 44 47 52 57 63 67 69 70 72 78 81 85 87 89 92 93 94 95
3 5 6 11 17 29 32 34 35 36 40 47 51 61 62 63 68 71 78 80 83 86 87 88 95
5 14 15 16 18 28 29 35 38 39 42 47 48 50 52 57 63 69 71 73 78 85 87 89 93 95 98
3 5 9 10 11 26 28 29 31 35 38 55 66 78 83 87 97
6 8 9 11 16 36 39 43 48 51 53 54 57 62 66 69 80 81 86 87 93 95 97
0 3 4 7 12 17 18 19 23 28 29 31 38 39 40 42 45 49 51 57 59 61 63 66 69 73 77 80 81 87 90 93 94
6 7 8 11 12 14 21 26 29 36 38 40 43 45 49 61 63 67 68 69 78 81 87 92 93
5 7 8 12 26 28 29 34 35 38 44 48 51 62 63 69 70 81 83 87 89 93
3 9 11 12 19 26 36 48 51 61 63 67 70 71 72 77 78 81 83 85 87 89 90 93 96
3 6 11 17 21 33 43 46 47 48 59 61 62 63 68 72 74 75 79 80 83 86 87 88 89 93 95 96
4 8 19 29 38 39 43 44 46 47 48 51 61 63 68 69 72 77 80 87 93 96 97 98 99
5 6 7 8 9 11 14 21 34 38 48 61 63 66 78 80 81 85
3 6 8 9 11 13 14 17 19 28 29 36 39 40 47 62 63 67 69 70 81 83
11 13 34 38 40 43 45 47 48 49 51 60 61 62 63 67 68 69 70 72 74 85 86 99
3 7 8 12 15 25 26 36 38 39 45 48 51 63 69 72 73 74 81 85 87 90 93
3 4 7 8 9 12 25 28 33 34 43 45 47 48 51 52 68 71 78 80 81 87 95
3 8 9 11 12 14 21 24 26 28 34 35 36 38 39 40 45 48 51 52 53 62 63 72 73 75 86 88 90 94
5 8 14 28 32 38 40 42 43 48 49 52 61 69 70 73 78 82 86 87 89
6 39 46 62 63 72 83 93 99
6 7 9 13 23 25 28 41 52 61 69 72 74 76 78 87
3 4 8 9 11 17 18 19 21 23 25 29 33 38 40 43 46 47 48 49 51 61 63 67 68 69 72 73 74 83 85 86 87 91
0 7 9 10 11 14 34 36 38 40 48 50 63 78 83 85 87 89 92 98 99
8 11 13 14 17 23 33 35 36 38 47 48 52 54 59 66 67 68 71 72 74 80 81 85 87
3 8 11 12 14 16 19 25 28 29 34 35 38 42 45 48 61 63 69 71 74 78 80 83 87 93
3 9 12 17 27 36 48 51 53 63 68 69 72 78 83 86 87 88 92
3 4 5 8 9 12 14 17 19 20 23 26 28 35 39 40 43 47 61 62 63 69 70 72 75 85 87 92
0 7 9 14 20 23 24 26 36 38 42 47 51 52 57 63 68 69 80 83 87 89 90
3 4 8 11 15 17 26 28 34 38 39 42 46 48 49 51 52 62 63 67 70 73 76 81 87 97 98
0 5 6 9 18 19 26 27 28 33 35 36 38 39 40 41 44 47 49 51 61 63 66 67 71 72 74 78 81 87 96 99
8 14 21 25 35 36 38 40 43 46 48 50 61 63 69 70 76 78 79 80 83 85 87 89 98
0 3 9 11 12 13 17 24 26 29 34 38 41 51 55 61 62 63 66 69 80 85 86 87 92 97
0 3 7 11 16 17 18 19 24 28 33 36 38 43 47 48 53 63 69 71 72 73 74 81 87 89 95 98
0 7 8 11 13 25 28 29 35 38 40 42 43 47 48 59 61 62 66 67 69 71 74 81 87 95
0 5 8 9 19 21 25 28 31 33 35 36 38 39 43 61 63 67 68 69 71 73 78 81 83 86 87 92 96 97
10 11 12 17 24 25 28 29 36 48 50 55 61 62 63 67 69 81 89 90 91 92 95
3 10 14 23 36 39 43 48 52 56 63 69 70 72 73 86 87 88 89
3 5 6 8 11 16 17 21 23 29 31 33 35 36 38 47 50 59 63 67 69 71 85 87 89
5 8 10 14 17 19 23 28 33 36 38 39 42 43 47 50 52 60 61 68 69 86 87 90 93
4 8 11 14 18 19 22 27 29 36 38 40 45 47 51 55 59 63 66 70 71 73 80 81 87 89 91 92 95 97
4 5 8 17 22 25 38 39 59 67 71 73 86 87 89 90 91 92 93 97 98
3 4 8 11 17 21 29 38 45 55 60 63 67 69 73 74 76 80 81 86 87 89 94
8 11 17 25 28 36 38 40 43 48 49 52 62 63 66 67 69 71 78 83 85 86 87
0 3 4 8 9 12 14 15 23 25 32 33 34 35 38 39 40 41 46 48 49 63 73 81 87 88 90
3 4 8 11 13 14 21 27 34 35 36 38 39 43 47 48 51 63 66 69 70 71 73 81 83 84 85 89 93 95 97 98
7 8 9 17 29 36 38 48 53 63 66 67 68 77 83 85 86 87 93 95 97
4 7 8 14 15 17 19 23 26 36 38 47 49 52 60 63 67 72 78 81 85 86 87 93
0 9 10 11 14 15 17 21 33 35 36 38 40 48 50 52 60 67 69 71 74 78 80 81 89 93 95
0 3 8 11 12 14 17 19 21 25 29 38 40 48 50 52 60 62 63 66 67 69 71 72 76 81 85 86 96 97 98
11 15 19 23 29 32 38 39 40 47 48 60 63 71 76 78 80 81 87 97
0 3 4 6 7 14 21 22 25 29 35 38 39 40 43 45 47 52 53 62 63 66 68 69 70 71 74 78 83 87 93 96
9 11 14 17 26 35 47 49 74 85 87 89 93 96 97
3 7 10 11 14 28 35 38 39 42 51 62 63 69 71 72 81 83 87 88 93 97
0 6 8 14 18 20 23 28 29 36 40 42 48 51 70 72 89 93
1 5 6 7 14 19 28 29 34 35 38 39 48 51 52 53 57 63 68 69 71 76 78 87 93 97
3 8 19 29 36 39 40 41 43 51 61 69 72 74 76 85 86 92 96
0 8 11 12 14 17 18 33 34 36 38 40 47 51 57 63 66 69 73 74 81 83 95
6 7 11 17 21 23 28 34 36 41 48 54 62 63 68 69 74 78 80 81 83 87 89 94 95 97
0 3 7 12 21 23 29 34 38 39 40 47 49 51 60 63 66 67 74 78 81 83 87 89 90 93
3 6 7 8 9 11 12 13 18 19 23 28 35 38 39 40 47 51 52 61 62 63 64 66 67 69 73 80 83 87 89
3 6 7 8 9 11 18 19 28 34 35 36 38 40 44 46 47 48 51 52 60 61 62 63 67 69 71 72 74 81 84 87 88 89 93
3 4 7 8 9 13 17 28 29 38 39 51 63 69 72 73 77 85 87 88 93 98
3 8 9 12 13 14 17 18 23 26 27 29 36 38 39 40 41 46 47 48 49 52 57 60 63 69 71 75 80 83 84 85 86 87 89
0 10 11 20 23 38 39 42 44 48 50 51 61 63 67 70 71 72 74 78 80 83 87 96 97
0 4 5 17 23 26 28 38 48 52 53 59 60 61 62 67 69 71 73 83 87 94
1 5 6 12 14 17 18 19 21 26 28 36 40 48 52 61 62 63 67 69 72 74 76 83 87 94
3 15 25 28 34 38 42 43 47 51 53 63 69 71 77 86 92
8 11 13 25 26 27 28 34 35 38 39 43 48 59 63 71 74 77 80 83 85 86 87 89 93 95 96 98
5 8 11 12 17 23 27 28 29 33 38 39 45 48 60 63 66 69 71 72 87 89 91 93
7 9 10 14 22 23 28 38 42 43 52 53 62 67 72 81 83 85 86 87 88 89
3 4 5 9 14 21 29 36 38 40 43 46 47 48 49 63 66 69 76 78 81 85 86 93 94 95
3 4 8 9 12 17 23 26 28 36 38 39 43 48 55 61 63 68 69 76 81 83 86 89 94
4 5 11 17 19 21 23 26 27 31 33 38 39 47 48 49 51 53 60 61 62 63 67 72 73 74 78 86 87 97
4 14 26 27 36 39 42 43 46 47 48 49 68 69 73 78 85 88 89 93 94
0 6 9 14 23 29 35 36 38 40 43 45 50 51 52 61 62 68 69 75 77 80 81 83 85 87 89 92 93 95
3 7 8 9 13 14 19 21 28 35 36 38 40 42 45 48 49 51 52 61 63 66 67 68 70 72 73 74 75 80 83 85 86 87 89 93
6 8 11 16 17 21 33 34 35 36 38 42 52 59 62 69 71 74 76 78 80 81 86 87 89 93
14 23 26 27 28 29 31 35 36 39 41 43 49 55 63 72 74 80 83 85 87 93 94 96
0 3 5 7 11 17 28 33 36 38 39 40 43 47 48 49 51 63 67 68 70 71 75 81 83 89 93 95 97 98 99
0 4 7 11 12 18 20 34 38 39 42 43 47 51 59 61 67 71 80 81 86 87 95 97
3 5 11 17 22 28 29 35 38 40 43 47 50 57 62 63 67 69 71 78 83 86 87 89 97
0 8 19 23 29 34 36 38 39 42 47 48 55 60 61 63 66 72 73 77 78 80 83 85 86 87 89 95
0 3 8 11 19 23 26 28 29 31 33 34 35 38 39 40 43 47 48 54 62 63 69 72 73 78 80 81 86 87 95 99
8 18 19 29 34 35 36 39 40 52 62 63 66 69 74 77 78 80 86 87 88 89 93
3 9 11 14 16 17 18 21 23 29 35 36 38 42 43 45 47 48 49 50 52 57 59 63 69 71 74 76 78 81 83 86 87
4 9 18 36 40 48 69 83 85
3 6 10 13 20 25 29 32 35 38 39 40 48 62 63 69 72 73 78 81 97
0 3 4 7 14 17 20 24 25 26 29 31 33 38 40 48 49 50 61 62 63 71 73 76 80 87 88 89
3 5 9 14 17 20 36 38 39 47 48 57 61 62 63 67 68 71 76 83 84 85 86 87 97
8 12 16 17 18 21 23 29 33 36 38 40 43 45 46 48 50 60 61 68 71 73 74 77 81 99
4 7 9 13 14 22 23 26 28 38 39 48 49 59 63 69 72 78 80 81 86 97
0 3 15 25 28 38 40 42 48 51 52 61 66 69 72 81 93 98
3 9 11 12 15 17 23 26 29 33 34 35 36 44 46 47 48 64 66 67 69 74 75 76 78 83 86 89 97 98
0 8 10 11 12 14 35 36 38 39 42 63 69 72 74 76 86
3 8 11 17 25 28 31 35 36 38 39 49 50 51 55 63 66 81 83 87 97
3 5 7 8 9 14 17 21 23 28 29 30 34 35 36 38 39 40 43 47 48 52 55 62 63 67 68 69 71 72 73 80 85 87 90 93 95 98
3 6 7 8 17 21 22 23 25 26 36 38 46 47 48 51 62 63 69 70 76 78 87
3 11 14 17 19 26 29 35 36 38 39 47 52 55 62 63 67 68 69 73 79 81 83 86 87 97
3 9 11 16 17 21 22 23 24 29 36 40 41 43 48 50 51 56 57 60 67 68 69 73 78 79 81 87 89 94
8 10 14 17 18 25 28 29 35 36 38 47 55 59 61 71 76 78 86 87 92
10 12 21 23 28 31 34 35 36 38 40 48 49 50 51 52 53 62 63 67 68 78 81 83 87
3 7 8 9 10 12 13 26 28 31 39 40 41 50 51 56 60 63 69 86 87 92 93
5 14 18 29 36 43 48 53 55 63 68 69 70 71 72 85 86 89 92 94
6 7 8 12 17 21 25 26 35 38 39 43 47 52 59 61 63 68 69 71 72 78 85 86 87 98 99
3 5 8 11 22 23 25 28 33 34 40 48 49 51 53 67 69 70 74 83 85 87 95 97
4 7 8 11 12 13 14 17 21 23 26 27 28 35 38 40 43 48 49 52 60 61 62 68 69 74 78 80 81 83 87 88 93
0 3 5 6 8 10 17 21 28 29 31 38 43 48 61 62 67 71 72 78 81 83 86 87 89 90 93
5 8 16 28 34 35 36 38 52 61 63 68 72 81 87 95 96 98 99
6 11 23 34 38 40 46 48 51 55 57 60 61 63 66 69 70 78 81 84 85 89 94
3 8 10 14 17 21 26 40 43 45 48 52 63 66 67 71 74 85 87 89 93 95
3 5 7 14 16 19 21 25 27 28 38 39 40 42 43 46 47 49 51 52 60 61 62 63 66 68 69 81 85 86 87 89
0 7 8 9 14 23 24 25 29 32 35 36 38 39 40 41 48 51 52 60 62 63 69 72 73 81 85 87 88 89
3 4 5 7 9 13 14 17 21 23 26 29 31 34 38 40 47 49 61 63 65 70 78 80 85 86 87 89 95 96
8 9 14 18 30 33 34 38 42 45 47 48 49 53 57 66 69 72 74 76 81 85 87 92
3 7 11 13 14 22 23 24 29 35 36 38 42 48 49 62 63 71 73 80 81 83 86 87 89 90 93
4 7 8 11 13 14 17 18 23 29 31 34 36 37 38 45 48 53 60 67 71 72 80 87 94 95 97
3 5 6 9 27 38 39 40 45 47 62 63 66 74 75 80 89
10 27 36 38 39 42 63 72 74 77 78 87 90
5 6 11 13 18 24 28 29 33 36 38 42 45 51 61 62 63 67 68 69 72 73 81 85 92
3 4 11 13 14 18 28 31 35 38 39 45 48 52 60 63 68 69 70 71 73 74 80 83 85 86 87 88 90 94 95
3 7 8 11 12 17 21 28 29 36 38 40 47 48 51 60 63 67 69 74 85 86 87 89 92 93
0 3 4 9 12 14 25 28 36 39 43 48 69 71 72 78 79 83 86 87 90 97
7 8 17 18 19 21 29 35 38 40 49 55 61 62 63 69 72 81 85 89 93 97 98
8 12 17 22 23 25 28 29 36 38 40 48 50 51 53 55 66 69 73 78 81 83 89 91 92 97
4 8 14 17 21 23 26 29 35 36 38 40 42 44 47 51 55 61 62 63 68 69 71 74 78 85 86 92 94 95
3 4 6 8 9 11 12 14 15 17 23 25 26 29 36 40 46 48 51 52 59 62 67 68 69 81 85 86 87 89 90
0 4 8 11 14 16 20 25 26 28 34 36 38 43 46 47 48 63 69 72 73 83 85 97 98
3 7 11 19 28 29 31 38 41 43 48 49 63 66 69 72 73 76 81 83 86 87 90 97
3 6 13 14 18 24 28 29 35 36 38 40 48 51 55 60 62 66 68 73 74 76 78 80 86 90 92
3 4 12 26 28 36 38 39 42 46 51 52 53 59 66 67 69 71 81 83 85 86 87 89 93 95
3 8 9 17 23 28 34 36 38 39 49 52 53 63 69 72 78 79 81 85 86 87 93
3 5 10 12 14 17 23 28 32 33 34 38 41 43 45 51 62 63 70 71 80 81 83 85 87
0 12 21 28 29 36 38 48 53 57 63 67 69 72 76 81 86 87 89 93 95 97 98
0 3 10 11 14 35 36 43 47 57 60 61 81 91 95 97
0 3 8 10 11 18 24 28 33 35 36 38 40 41 42 43 48 61 63 70 72 73 76 78 83 85 86 87 90 92 93
1 6 8 11 19 23 28 38 43 44 46 57 62 63 85 87
3 6 8 11 15 21 22 26 27 28 29 34 38 40 41 51 69 70 71 73 78 80 81 83 87 93 97
29 33 36 39 41 47 69 73 78 80 89 90
3 7 10 12 20 26 28 29 33 36 38 47 48 49 52 55 57 59 61 62 63 66 67 70 71 74 80 81 85 87 97
3 7 8 14 19 27 28 29 32 36 38 39 41 42 43 54 61 63 69 71 72 80 85 86 87 88 97
7 8 9 14 19 26 28 34 35 36 38 47 49 51 53 61 63 66 67 70 72 73 80 81 83 87 88 93 97
8 11 14 17 21 23 26 28 29 31 35 36 38 42 48 50 59 60 61 62 63 67 68 69 71 72 78 80 81 85 87
3 4 5 7 12 13 17 18 19 21 28 31 33 38 42 47 48 49 51 61 62 63 68 69 70 74 78 81 83 85 87 88 97
4 9 14 19 21 28 38 42 43 47 63 66 67 69 71 78 80 85 88 90 92 94 99
3 7 8 9 11 14 17 22 23 26 29 33 34 35 36 38 40 42 43 48 51 52 54 55 60 61 62 63 66 71 77 78 80 86 87 93 95 97
0 3 8 9 14 17 21 26 28 36 38 40 43 48 52 63 66 71 83 86 87 96
5 6 11 20 28 35 36 39 40 42 43 48 49 53 60 63 66 67 69 70 71 72 78 81 83 85 86 87
0 3 9 29 38 43 63 69 70 76 80 83 86 87 93 98
5 7 8 9 10 25 36 38 39 42 45 52 59 63 67 69 71 73 78 83 89
4 7 14 17 25 31 35 36 38 39 42 43 47 48 50 51 53 60 63 67 70 71 73 83 85 87 89 93 95 97
3 9 10 11 13 14 17 18 20 22 28 29 33 35 38 43 47 48 50 51 61 62 63 67 69 71 76 78 80 83 87 89 98
3 7 8 25 28 32 38 49 50 52 55 61 63 69 74 80 81 85 93 96 97
0 7 9 11 14 23 28 36 38 39 41 43 44 47 48 49 51 53 63 87 96 99
12 23 25 26 28 29 36 39 48 51 53 63 67 68 69 72 73 76 86 88 89 91 93
8 9 11 12 13 14 18 28 29 33 36 38 42 47 54 62 63 66 74 78 85 87 89 96
0 8 11 14 17 36 39 42 45 47 48 51 55 61 66 69 78 86 98
2 5 6 11 14 15 17 18 21 28 29 32 33 35 36 38 46 47 61 67 69 71 76 85 86 87 88 89 90 97
3 4 6 8 11 13 14 19 23 24 26 28 29 34 35 36 38 40 43 45 51 60 61 63 66 68 69 72 73 74 78 81 83 85 87 93 98
4 6 8 9 11 18 20 31 38 46 50 61 63 66 67 69 71 75 81 83 87 89 93 94
5 6 9 11 12 13 14 17 21 33 34 35 36 38 44 47 48 52 53 61 63 74 80 81 85 87 88 89 93 99
8 9 12 21 28 35 36 38 40 41 43 45 49 61 62 63 66 69 76 81 85 86 87 93 98
3 5 7 8 9 10 11 12 18 21 36 38 42 47 48 49 51 54 60 63 64 67 68 80 81 87 89 98
3 7 8 9 10 13 14 22 23 28 29 35 36 38 39 40 41 47 48 49 51 60 61 63 67 70 79 81 83 86 87 91 99
3 10 11 17 18 19 23 31 33 35 36 38 42 48 51 63 67 69 77 80 83 87 89 94 97
8 17 19 36 38 39 47 61 62 72 73 80 85 87 96
3 10 17 24 29 38 45 48 56 60 62 63 69 71 73 78 79 80 81 85 87 89 91
5 9 10 29 34 38 43 47 51 59 61 62 63 67 69 71 73 79 81 98
1 5 7 8 11 14 15 17 29 34 35 36 38 45 51 52 57 62 63 67 69 70 72 80 81 83 85 86 97
0 4 8 10 14 20 22 26 28 36 38 39 40 41 43 60 63 67 74 75 93
3 4 9 10 14 17 23 26 36 39 46 56 57 63 69 71 74 81 83 84 86 87 94
3 8 14 15 17 19 25 28 29 36 40 42 43 49 50 55 57 61 63 67 69 70 73 74 80 81 86 87 97 98
0 3 8 12 23 25 29 35 36 38 48 51 60 62 71 72 75 78 85 86 87 89 92 95 96
0 3 5 6 7 11 17 21 26 29 35 36 38 39 41 42 47 49 61 63 68 69 78 80 83 85 86 87 96 98
0 3 10 11 12 14 17 19 21 29 33 36 38 40 42 44 45 47 48 51 57 62 63 66 69 71 80 81 86 91 93 95
8 18 25 38 40 42 43 49 52 63 67 69 73 74 75 76 86 89 96
3 8 9 11 13 14 32 36 40 41 42 43 47 63 67 69 71 72 76 86 87 92 98
0 3 8 9 12 13 14 18 26 29 36 38 43 49 50 60 61 62 63 66 69 73 78 80 81 83 85 86 87 92 97
4 17 21 22 23 24 27 29 33 38 40 43 48 63 69 80 87 90 95 99
3 7 12 17 20 21 28 36 39 63 69 79 83 85 87
4 8 9 10 18 19 20 22 25 26 29 33 36 47 49 52 63 68 69 70 73 80 85 93 95 97
3 4 5 7 14 29 34 36 43 47 49 63 67 78 80 83 85 86 87 93 94
7 8 12 14 17 19 29 31 34 36 38 39 41 46 51 63 68 69 70 73 78 80 81 87 96
3 6 7 10 11 22 28 33 35 36 39 42 48 51 59 63 69 70 73 76 81
8 14 18 20 25 29 36 38 42 48 51 52 53 67 80 85 92 95
0 3 4 5 8 9 11 12 14 16 17 20 21 22 24 26 28 36 38 45 47 48 50 52 54 61 62 63 69 72 73 75 86 87 92 97
0 6 8 9 11 14 17 18 19 20 21 28 35 36 38 43 48 49 60 61 62 63 67 69 71 78 80 83 85 87 93 97
3 9 19 21 24 28 36 39 41 48 49 59 62 63 64 66 67 69 83 87 93
0 3 8 10 17 28 29 35 36 39 40 42 45 47 48 51 56 60 67 70 72 78 79 80 85 86 89 93
8 9 10 14 16 17 19 29 36 38 40 49 52 61 63 66 67 69 73 75 81 83 85 87 92 93
4 8 17 23 29 34 35 36 38 47 48 51 55 63 65 67 70 72 80 81 83 87 89 98
11 17 19 22 36 38 39 42 48 51 59 62 63 66 67 70 73 74 87 90 93 95 96 97
3 5 7 9 11 14 16 17 24 26 28 34 36 40 42 45 48 51 54 61 62 63 67 68 70 73 74 78 81 85 89
6 7 9 10 11 14 17 19 26 27 28 36 39 47 49 60 62 63 66 69 74 78 80 81 83 85 93 95 97
4 7 8 9 11 18 23 28 29 34 35 38 43 47 52 56 63 70 71 73 74 78 85 87 93 97
11 13 14 17 28 36 40 43 44 50 52 60 61 63 67 68 69 71 73 78 80 92 93 97
3 9 10 15 17 21 23 36 38 39 40 45 48 61 62 63 67 69 71 72 78 80 81 87 88 90 93 95 96
3 8 23 28 30 33 35 36 38 39 40 42 43 44 45 47 52 55 57 66 69 71 76 80 81 85 86 87 96 97
7 8 10 11 17 20 25 28 31 36 40 43 47 48 49 51 60 69 72 76 79 80 82 85 87 89 99
0 3 6 7 8 10 11 13 14 17 25 34 35 38 39 43 52 63 66 67 70 71 73 74 81 83 85 88 89 94
7 8 10 17 21 23 34 38 49 53 63 67 71 73 74 75 83 86 87
10 14 17 21 28 33 36 38 40 50 53 61 62 63 68 69 72 73 74 78 81 85 87 90 95
9 11 15 19 23 28 36 38 42 43 48 59 60 62 63 67 69 80 81 85 89 93 95 97 98
2 3 11 14 17 21 22 28 29 35 36 38 40 41 42 43 45 47 49 51 52 57 59 63 64 67 69 70 81 85 95 97
3 5 6 9 10 11 17 25 29 35 36 38 47 52 63 69 72 80 87 95 97 98
1 3 4 6 9 14 16 17 29 31 36 40 45 47 48 51 52 61 62 67 69 70 72 81 83 86 88
3 7 8 9 17 23 28 36 38 39 40 45 48 61 63 74 81 83 87 97
3 7 9 11 17 28 29 36 38 40 42 47 52 57 61 63 68 70 77 80 83 85 88 89
0 3 4 8 13 26 29 34 36 38 40 48 49 51 61 62 69 72 73 78 83 87
4 8 10 11 12 14 15 28 33 35 36 38 41 46 47 48 49 50 51 60 69 70 71 77 83 85 89 93 97
1 3 7 8 21 23 25 29 38 43 46 47 48 62 67 69 70 71 72 73 81 83 85 86 87 93
3 8 10 18 20 34 67 72 73 82 86 89
8 11 17 18 28 31 33 34 36 38 39 40 47 48 55 57 60 61 63 69 71 72 80 81 85 87
2 5 7 8 13 22 26 28 29 38 39 40 41 47 49 62 63 70 80 83 87 90 91 93
4 8 10 11 12 14 17 21 23 24 35 36 38 39 43 45 49 52 61 62 63 67 74 76 83 86 87 93 96 98
5 8 9 25 39 46 48 52 61 66 70 71 73 80 85 87 93 97
1 3 5 7 8 9 11 14 21 23 25 26 38 40 42 43 51 59 61 62 63 69 72 83 85 87
0 9 12 14 19 36 38 40 43 46 47 63 69 83 86 90 92 97
8 11 21 22 25 28 30 35 36 38 42 43 46 47 48 50 51 52 63 66 69 71 73 77 80 81 84 86 87 92 93
0 4 6 10 11 14 17 21 28 34 36 38 40 43 47 48 54 61 63 66 67 70 72 81 85 87 88 89 91 93 99
9 17 21 26 29 38 39 41 42 50 55 59 60 62 63 67 68 69 73 85 86 87 93
0 7 14 21 28 29 33 34 35 36 38 53 62 63 66 69 71 80 81 83 86 87 89 93 95
9 11 13 18 20 23 24 26 29 33 35 38 48 49 51 60 63 73 81 85 89
9 28 38 47 51 59 60 61 66 67 71 85 86 87
8 18 21 23 28 31 33 36 39 43 47 48 51 52 53 57 62 67 69 80 85 86 87 97
3 7 17 35 38 39 40 42 47 48 63 71 83 87 89 93 97
5 7 9 11 24 28 32 33 36 38 39 43 48 49 51 52 60 62 63 67 69 71 78 80 81 83 87 89 93 96 98
7 8 9 10 11 17 19 26 28 32 35 36 38 43 48 52 61 63 69 74 77 78 80 81 83 86 87 89 95
3 4 6 8 9 12 13 17 21 23 24 27 29 38 40 42 45 48 54 60 62 63 66 67 69 70 74 78 85 87 92
3 5 8 9 11 12 13 14 17 21 23 28 29 33 40 41 47 48 54 60 63 66 67 69 70 72 76 79 83 85 86 87
3 9 11 21 22 31 33 34 35 38 41 42 43 51 62 68 69 80 83 85 86 87 89 93
3 7 11 12 14 17 18 36 38 39 43 55 63 67 69 87 94
6 7 8 11 16 21 28 36 38 39 49 51 66 69 70 72 73 81 86
0 3 5 8 9 17 18 21 26 29 35 36 38 40 42 63 66 67 68 71 85 86 87 95 97
5 6 9 11 14 17 19 22 25 28 29 33 38 39 52 53 61 62 63 67 68 75 80 84 85 87 94 95 97
3 8 12 14 25 27 46 51 69 73 83 85 86 87 97
0 3 4 7 27 28 29 36 48 49 51 57 72 80 87 94
0 3 13 15 22 29 36 38 43 62 63 67 69 71 80 83 86 87
9 11 13 23 29 35 38 39 42 48 53 61 62 63 67 69 74 83 85 87 89 93 97
7 8 9 17 21 22 24 28 29 36 38 39 40 47 48 49 51 61 63 69 71 72 74 76 87 93 98
3 11 13 14 19 22 23 26 28 35 36 38 39 47 48 49 50 53 54 62 63 66 70 72 73 80 83 87 90 93 97
1 16 18 23 28 29 35 36 38 39 40 42 43 46 48 50 51 53 60 61 63 70 73 78 81 84 85 87 92 93 97
3 5 7 20 25 35 38 39 48 52 62 63 67 69 75 78 83 85 87 89 93 95
0 3 8 9 11 14 26 28 29 31 36 39 40 42 52 57 59 61 62 63 68 72 74 79 83 85 86 87 89
7 8 9 13 18 21 25 26 28 29 36 38 39 42 43 47 51 60 63 67 68 69 71 73 78 80 81 86 87 89 90 97
8 12 13 17 27 35 36 38 39 40 42 43 52 55 61 62 67 68 69 73 74 78 80 85 86 87 88 89 93
5 6 7 17 18 22 23 32 34 35 38 39 40 43 45 48 59 63 67 70 78 80 81 85 86 87 92 94 97 98
0 3 5 7 8 9 17 20 23 24 25 29 35 38 39 40 47 48 55 70 72 73 74 78 80 86 87 89
3 6 8 10 21 27 28 29 35 36 38 39 40 45 47 48 51 62 63 66 67 68 69 73 81 85 86 87 89 93 97 98
8 10 12 14 21 24 26 29 34 36 38 39 40 46 47 52 59 63 64 70 78 80 81 83 87 95 99
3 11 12 16 17 18 21 28 35 36 38 40 43 44 59 60 63 66 78 81 85 86 87 92
0 1 3 8 14 19 21 23 25 26 36 38 39 48 50 60 62 63 68 69 72 78 80 81 85 87 90 92 95
4 5 9 11 12 14 16 17 18 21 35 36 41 47 61 67 73 79 80 85
8 13 29 36 38 39 47 48 49 53 57 62 63 73 74 78 80 81 83 85 93
9 17 21 23 25 33 36 48 49 52 57 61 63 66 68 69 72 76 78 80 81 98 99
0 5 7 11 17 22 25 35 36 38 46 47 68 69 70 86 89 92 97
0 4 9 11 17 20 21 26 28 34 38 39 49 61 62 63 66 67 81 83 85 86 87 94 95 98
3 12 14 25 28 34 35 36 38 39 40 42 43 45 46 47 51 55 60 61 62 63 69 70 72 73 78 81 89 93
0 8 10 14 15 17 18 29 36 39 53 63 69 70 72 80 81 82 87 93
3 9 11 13 14 18 19 25 36 38 39 40 48 67 68 72 73 80 81 93 97
3 7 8 11 17 21 22 33 35 38 40 41 43 46 48 49 51 60 61 63 69 71 72 74 78 81 83 85 87 89 97
2 3 22 23 35 38 43 45 62 63 69 71 80 85 87 88 89 90 97
8 10 33 34 36 38 47 48 57 61 63 66 69 72 74 77 81 83 85 89 93 97
3 11 14 17 18 26 28 29 38 43 49 51 52 53 60 61 62 63 67 68 71 74 83 85 89 90 93 94
7 8 16 18 23 36 38 39 43 47 48 49 51 59 60 61 62 63 69 71 72 75 78 80 83 85 87 89
8 11 12 13 17 23 25 36 38 41 63 66 67 69 72 73 75 78 79 87 93 97
6 8 23 24 28 36 38 40 42 43 45 48 51 53 63 69 71 86 87 89 97
3 5 7 9 21 26 27 28 31 34 44 45 47 48 51 52 60 61 62 63 71 72 74 78 83 87 90 96
5 8 11 14 28 33 36 38 40 43 45 47 48 57 68 69 73 78 79 81 83 85 87 96 98
3 4 8 9 13 14 17 28 29 33 36 38 39 43 46 47 48 51 60 61 63 67 68 69 70 72 78 80 81 87 89 90 97
6 10 15 21 38 47 55 62 63 66 77 78 80 81 83 85 87 93 96 99
2 4 7 10 11 13 20 22 27 29 34 38 41 61 63 66 67 69 70 74 79 85 87 94
9 14 29 34 36 44 48 57 63 68 72 73 74 80 85 89 92
5 6 9 11 17 20 21 23 24 36 38 39 41 43 47 50 63 66 67 68 72 73 78 80 81 85 87 89 90 95 97 98
3 11 12 17 23 24 38 42 47 55 60 63 66 78 85 87 93 98
11 17 19 38 40 42 43 50 60 61 62 63 68 69 87 90 96
3 8 9 10 15 17 29 36 38 51 62 63 67 69 78 80 85 87 89 95 97
17 21 23 28 35 38 40 48 60 62 69 71 77 86 87 97
3 8 11 16 19 25 28 29 33 34 36 38 40 48 49 57 61 67 69 72 73 74 80 81 83 85 88
10 14 24 33 35 36 38 42 43 53 63 67 69 73 74 86 87 88 97 98
3 7 9 10 12 17 21 26 34 35 36 42 48 49 53 63 66 74 75 80 83 85 87 89 93 96 99
3 9 17 21 26 38 39 41 43 46 47 48 62 69 70 80 83 87 93 95 96 99
8 10 11 14 17 29 31 36 43 48 60 61 63 67 72 80 85 87 95
1 3 6 7 11 17 22 26 28 33 34 36 38 39 43 47 48 53 68 71 80 81 85 86 87 89 90 93 95 96
3 14 17 21 26 28 34 36 45 49 51 60 62 63 69 71 72 76 78 80 83 84 85 88 93 95
9 11 17 19 21 25 27 33 36 38 41 43 47 51 62 66 73 78 81 87 89
3 4 6 7 11 16 17 18 21 29 33 38 39 40 42 43 47 48 51 57 62 63 69 71 73 74 80 83 85 86 88 95
3 4 8 16 17 18 22 25 28 33 34 36 47 49 50 52 60 61 63 67 69 79 89
5 8 9 10 11 15 17 19 21 23 26 28 36 38 39 43 48 51 52 54 61 62 63 66 68 70 71 73 81 85 87
3 8 9 17 18 19 26 28 36 38 42 45 53 61 63 68 71 72 83 86 87 89
5 11 14 28 31 38 39 40 41 42 52 54 59 60 61 66 68 69 74 78 85 87 90
5 9 11 16 21 23 24 25 26 28 29 38 45 52 54 59 61 63 68 69 78 86 87 94 95 97
3 7 8 11 14 17 21 28 29 31 35 36 38 39 47 48 51 63 71 73 74 77 80 87
8 9 10 13 14 16 33 38 39 45 48 49 50 69 70 71 73 74 80 84 86 87 93
4 5 8 11 14 17 21 22 28 33 34 36 38 43 47 51 52 53 59 63 67 71 72 74 78 85 86 87 89 95 96 98
0 3 10 14 17 21 23 33 35 36 38 39 40 43 47 48 49 66 67 68 69 73 74 78 80 85 87 93
0 1 12 17 24 26 27 34 36 38 39 43 48 51 52 55 59 61 62 63 66 69 78 81 87 89 92 93
3 7 8 11 13 17 19 25 26 28 29 31 35 36 38 40 44 48 60 67 69 73 78 83 86 87 93 94 95
0 8 13 14 20 24 26 28 29 31 34 35 38 43 45 49 51 61 62 63 67 68 69 70 72 80 87 89 91 98
4 5 7 8 10 11 14 17 18 19 20 25 28 31 38 39 43 45 48 53 66 67 69 74 78 81 83 85 86 87 91
4 6 8 10 19 29 39 46 50 52 63 66 69 71 72 74 83 86 87 90
0 3 5 11 13 14 23 27 35 38 39 40 48 52 53 60 69 70 72 78 80 83 86 87 94 95
3 8 9 12 13 14 17 21 35 36 38 40 47 48 51 52 61 62 63 66 67 68 69 74 76 85 86 89 90 93 94
0 3 4 8 9 10 14 23 28 29 36 38 39 43 49 52 62 63 69 72 75 86 87 89 93 96
13 14 17 23 38 39 40 47 49 52 61 62 63 67 68 69 81 91 96 97
7 8 11 14 15 17 18 19 21 29 35 36 38 39 40 46 61 62 63 70 80 85 86
3 7 8 11 16 19 21 38 39 40 43 48 52 63 66 69 71 81 85 87 88 89 98
5 7 11 24 26 39 44 47 48 49 51 60 63 66 68 69 74 81 83 98
5 6 7 8 9 10 11 16 17 21 23 29 36 38 39 40 43 47 48 49 52 53 63 66 67 72 79 80 86 87 95
3 9 17 21 35 36 39 40 42 43 49 60 61 62 63 66 68 69 70 71 73 78 81 85 87 89
0 8 12 14 17 19 23 26 27 28 35 36 38 39 43 47 49 50 61 63 66 69 73 83 86 87 91 92 95 99
8 9 12 13 21 25 26 28 29 35 38 39 40 44 45 47 52 59 62 69 71 75 87 89 93 97
3 6 8 10 11 31 35 36 38 39 40 48 51 63 72 74 80 81 83 85 87 97
0 3 5 6 7 11 17 25 26 27 29 43 51 59 63 77 81 85 89
0 3 5 7 8 12 26 35 38 39 47 48 55 60 62 63 67 68 70 72 75 78 83 86 87 89 94 97
0 6 7 8 10 15 19 23 26 38 39 40 41 51 62 63 66 71 72 73 78 80 81 86 88 89 95
4 8 10 11 13 17 28 36 38 43 46 47 49 50 51 55 61 63 66 68 69 76 78 81
3 4 5 17 20 23 24 28 31 36 38 43 46 50 51 61 63 67 76 81 83 85 87 94 99
2 8 9 11 14 17 21 22 23 36 38 48 49 57 60 61 66 69 72 76 80 81 83 87 89 98
8 11 13 16 28 33 35 36 38 39 40 43 49 62 67 69 72 87 88 91
3 8 10 14 21 40 41 42 47 48 49 50 60 89 98
3 4 7 8 9 12 13 14 17 19 24 29 35 38 42 44 48 51 57 61 63 66 69 70 72 78 83 85 86 87 88 89 95
1 8 11 13 17 19 25 36 38 40 45 48 49 50 60 61 63 67 69 72 73 74 81 83 85 87 89 90 91 94
3 8 9 20 23 25 26 29 36 40 42 47 48 49 52 54 63 67 72 73 76 78 80 81 83 85 86 87 89 90 93 94 98
9 12 27 29 36 43 61 63 68 72 74 86 87
0 7 9 11 12 17 29 34 35 40 63 69 73 81 87 88 95
0 3 7 28 36 39 40 43 46 54 63 66 67 68 69 71 73 78 80 85 86 87 90 93
4 5 7 9 10 11 21 22 24 26 28 35 36 39 42 43 48 59 62 63 68 69 72 77 78 80 86 87 88 90 91
0 3 12 14 17 21 24 26 28 34 35 38 40 41 43 45 48 49 50 51 55 60 62 63 67 69 72 80 85 87 89
4 8 9 18 20 22 28 36 39 42 47 48 53 69 73 80 81 85 87 89
8 9 14 18 25 29 33 36 47 51 52 60 62 65 66 67 71 72 83 85 87 91 95 97 98
0 3 5 7 9 10 14 15 17 26 28 38 39 43 46 47 53 62 63 65 66 71 73 75 79 80 85 87 89 93 94 98
0 3 5 14 19 25 28 32 38 41 42 43 48 61 62 71 73 77 87 88
3 6 12 13 14 17 18 28 32 36 38 40 42 43 46 48 51 52 54 59 60 61 63 66 67 69 70 72 73 78 87 95 96 99
3 14 15 16 17 28 29 30 31 33 34 38 39 40 43 47 48 50 62 63 66 67 69 71 80 81 86
3 5 6 7 8 9 11 13 17 18 22 23 26 27 29 33 34 35 36 38 39 40 43 46 47 48 55 59 62 63 67 68 69 70 71 74 78 80 83 85 87 90 93
8 11 20 22 29 33 35 36 39 43 44 49 67 69 76 80 81 83 85 87 88 95 97
9 11 15 17 24 26 28 35 36 38 39 41 47 62 69 70 80 87 93
3 5 8 10 11 12 13 14 36 40 45 47 60 67 68 71 72 87 89 95
4 5 8 14 18 36 38 39 50 52 57 62 63 69 74 75 80 85 86
0 7 9 10 21 23 28 38 47 53 55 63 65 66 67 69 70 71 73 74 78 86 89 93
9 13 14 17 34 41 43 47 49 63 67 70 71 72 77 78 80 81 85 86 87 88 95 96
9 11 14 29 30 34 35 38 39 48 50 52 53 61 67 74 80 84 85 92
3 4 5 10 13 21 25 28 45 46 47 48 51 57 60 62 63 67 69 71 80 85 87 93 95 97
0 8 9 14 24 25 36 39 43 45 48 49 51 52 57 60 61 62 63 66 67 68 69 71 78 83 84 85 87 89 93
6 8 11 27 38 39 47 48 57 61 66 85 86
6 8 11 14 18 19 22 25 35 36 38 40 47 48 51 60 61 67 69 74 81 87 95
7 8 9 10 11 17 23 26 28 33 34 35 36 38 39 40 43 45 47 49 52 53 55 66 67 69 78 80 81 83 85 87 89 96 99
3 9 17 21 24 26 45 48 49 51 53 57 61 63 68 69 72 77 81 85 87 88 89 95 97
3 5 7 8 11 12 17 18 21 23 29 34 38 43 48 60 63 68 69 70 78 80
6 11 16 17 39 40 48 52 57 60 63 66 68 69 70 81 83 85 95
0 3 8 9 10 11 15 17 18 26 38 39 40 44 48 50 60 62 63 66 67 69 81 83 87 89 93
1 3 7 9 11 18 19 35 36 38 40 43 44 47 48 49 52 53 61 62 63 67 69 73 76 89 95
9 23 26 34 35 36 38 39 43 46 47 48 49 51 61 63 67 69 70 71 78 81 83 85 87 89 93 95
3 9 10 11 12 17 21 28 36 38 40 53 60 63 64 67 69 93
8 9 11 15 17 21 23 26 28 29 31 35 36 38 41 45 48 49 50 52 53 59 61 63 66 68 69 70 72 80 81 83 85 86 87 94 95 97
0 6 8 14 17 23 36 38 39 42 43 48 49 52 63 66 69 71 72 76 83 85 87 90
9 10 21 22 23 28 35 38 39 40 42 43 48 51 52 68 69 74 75 80 81 83 86 87 99
3 25 33 38 39 43 45 48 49 51 61 62 63 69 72 78 80 81 85 94 96
5 6 7 8 9 13 17 26 29 32 35 38 39 40 41 49 61 62 63 68 69 71 75 78 83 84 87 90 97 98
0 10 29 36 38 47 48 51 63 71 78 80 87
5 8 11 14 19 25 38 39 42 43 46 48 49 52 55 63 67 68 69 72 75 86 87 90 93
3 5 6 7 8 9 19 23 25 28 29 34 38 40 41 42 46 48 57 59 62 63 67 68 69 73 76 78 80 83 86 87 93 94 95 97
3 7 9 10 11 17 26 28 36 38 39 43 45 48 51 55 63 66 67 68 69 70 71 72 73 76 80 81 84 85 86 93
2 3 8 13 17 26 36 38 40 48 51 52 61 62 63 68 70 71 72 83 87 90 93 97
3 13 26 29 36 38 43 47 48 51 52 53 54 62 63 68 69 70 72 73 74 75 83 85 86 87 90 93 94
0 3 4 8 11 14 15 17 18 19 20 21 26 33 35 39 40 43 48 62 63 69 73 80 81 86 87 89 98
0 4 5 9 10 11 12 14 16 20 26 28 36 38 47 48 51 59 61 62 63 69 73 80 81 86 99
0 3 7 12 13 25 28 36 40 47 48 51 52 63 71 87
3 17 20 21 25 26 28 36 53 62 63 72 85 89 90 91 94 97
13 17 21 33 35 38 47 53 60 61 63 66 67 71 79 85 86 87
4 7 8 9 17 18 21 23 31 38 39 40 47 48 49 53 57 61 62 63 68 71 73 78 83 85 87
3 5 9 10 11 14 17 18 29 35 36 39 41 43 47 48 49 52 61 63 69 72 73 74 78 80 81 83 85 86 87 95 96
7 8 9 12 14 17 26 28 34 35 38 41 43 47 60 62 63 69 71 81 83 85 86 87 91 97
0 7 11 14 16 17 23 28 31 47 48 49 51 62 69 75 81 85 87 96
10 11 14 17 27 28 29 36 38 47 51 52 59 63 69 81 83 85 87 93
8 11 17 18 23 26 28 34 35 36 38 39 47 48 63 69 71 73 78 86 87 89 90
3 7 18 23 29 33 39 40 43 45 48 51 60 61 63 67 69 71 75 79 80 85 87 88 89 93 99
3 4 8 9 11 19 23 29 36 38 39 40 42 43 47 48 62 63 66 67 68 69 71 73 74 80 83 87 88 97
0 1 3 7 8 17 23 28 31 34 40 42 43 48 49 51 53 60 63 69 72 73 74 75 81 83 94
10 13 14 16 19 24 34 36 38 43 45 57 63 69 70 72 73 74 85 95 98
10 14 26 27 36 38 39 40 47 48 49 52 53 61 67 68 71 74 93
8 11 14 18 19 21 23 38 39 40 42 43 47 48 50 57 63 66 67 73 78 80 86 89
3 7 8 11 13 19 21 23 29 33 34 35 36 38 39 43 45 48 49 51 59 60 62 63 67 69 73 75 78 83 84 86 87 93
3 8 9 10 34 36 38 43 47 51 61 62 63 65 69 71 73 75 78 80 83 85 87 93 95
0 6 8 9 11 12 14 15 17 21 24 26 28 29 38 39 41 43 60 62 63 68 69 71 73 83 86 87 89 93
4 11 22 29 35 36 38 39 40 47 50 60 61 63 69 78 81 86 87 89 90 92 95 96
3 7 8 9 13 28 36 49 54 61 63 68 69 71 81 85 87 89 90 97 99
3 8 9 10 11 26 28 38 40 41 42 61 72 81 87 89 91 93 95
4 9 11 13 22 26 38 39 40 41 46 48 71 80 85 87 89 92 93 97 99
0 5 17 27 33 36 38 41 43 47 48 61 63 69 71 72 73 78 83 85 87 89 93 94
0 3 8 9 11 15 17 18 24 25 26 28 34 36 38 40 43 50 55 60 63 69 76 78 85 86 87 89 91 97
0 11 19 28 31 36 38 40 41 43 47 49 59 61 68 70 81 83 85 87 89 93
3 6 7 8 11 14 15 23 28 29 40 46 47 51 57 62 69 71 73 80 84 86 87 89 95
8 9 11 18 19 20 22 25 28 33 38 39 45 46 48 51 61 71 72 76 80 81 85 87 90 92 98
3 10 17 19 23 25 28 35 36 38 46 47 48 49 51 56 61 69 74 78 80 83 86 87 95
7 8 15 17 19 23 25 26 28 33 36 43 47 48 52 54 61 62 63 69 78 80 81 83 87 88 89 90 98
3 5 9 10 11 23 28 29 33 34 36 38 39 40 43 47 49 52 60 63 68 69 71 72 73 74 77 80 81 85 86 89 94
0 3 4 7 11 27 34 43 48 49 52 53 59 62 66 67 71 72 73 83 85 86 87 95
0 3 4 7 14 17 20 26 33 34 35 36 38 39 49 52 61 63 66 76 83 86 87 88 95
5 7 28 38 42 47 48 63 69 81 85 87 89
3 8 10 11 14 17 26 36 38 48 50 52 57 59 61 63 66 67 69 78 80 81 85 87 95
3 10 11 13 14 16 25 28 29 31 33 46 52 63 66 67 68 69 72 73 77 81 83 85 86 93
3 8 12 25 29 36 39 40 43 46 47 48 56 60 69 71 81 89
8 9 12 14 17 18 21 22 23 24 26 28 29 33 36 38 42 43 47 48 51 61 63 66 69 79 80 81 83 85 87 90 98
0 6 7 8 11 29 33 35 36 47 50 52 60 63 69 81 83 87 95
4 7 8 9 11 13 14 15 17 22 25 28 36 41 43 47 48 49 53 55 63 66 72 73 74 80 81 85 87 89
3 5 8 11 12 14 17 29 33 34 35 36 38 43 52 53 54 60 61 62 63 66 68 69 70 71 79 80 83 85 87 97
0 8 9 14 17 19 28 29 33 35 38 39 40 41 59 61 62 63 67 69 81 83 86 87 95
1 6 8 9 11 12 26 28 33 35 39 43 48 53 61 63 69 74 76 78 86 87
3 8 11 13 14 17 20 21 23 28 36 39 40 43 45 48 49 51 52 62 69 70 74 77 80 81 82 83 85 90 94 97
5 14 33 35 38 41 42 47 54 63 73 74 78 80 87 96 97
9 14 17 19 23 26 29 34 38 39 42 43 53 60 63 65 67 72 80 85 86 87 95 96 98
3 6 7 9 11 14 16 17 33 35 36 38 39 40 42 43 48 51 60 63 69 70 71 72 79 80 83 85 87 97
5 7 17 25 33 36 39 40 41 46 50 53 55 60 63 66 67 69 72 78 80 83 85 86 87
8 9 11 17 18 21 23 28 34 36 38 43 48 51 59 63 73 74 80 82 86 87 89 93 95 96
0 5 7 8 11 14 17 23 28 29 33 34 36 38 40 42 48 51 62 63 69 70 80 81 83
0 3 8 9 11 18 21 23 24 28 34 35 36 38 39 40 41 42 43 51 52 55 63 67 69 70 71 78 81 85 86 87 93 94 96
3 8 9 11 12 20 21 22 24 36 38 39 40 47 48 54 63 66 67 69 72 75 80 81 83 85 86 87 89 93 94
3 5 14 17 18 19 28 29 33 34 35 36 38 39 42 49 52 53 63 69 70 72 78 81 83 87 88 93 97
12 13 17 18 19 28 29 34 35 36 38 40 46 48 50 61 63 67 69 70 72 86 87 91
8 14 17 18 28 35 36 38 47 48 51 55 60 63 68 69 71 78 80 86 87 95 99
5 6 8 9 11 28 33 35 39 48 53 57 60 61 67 70 71 78 85 86 87 95
4 6 14 23 24 29 38 43 46 47 48 49 52 55 61 63 69 71 78 80 83 85 87 88 89 92 95
3 6 7 8 9 10 14 17 19 28 29 39 43 47 48 52 53 57 63 66 69 72 80 87 89 90 95 97
3 4 11 14 25 29 31 33 36 38 40 47 63 69 71 74 78 83 85 93 96
6 9 17 23 28 34 38 39 40 42 43 50 57 63 68 69 78 81 85 86 89 93
9 17 21 23 27 29 36 38 41 42 47 49 63 67 69 73 74 78 81 85 86 87 91
3 4 11 17 35 38 39 40 43 49 51 53 55 60 61 63 66 67 80 85 87 89 94
3 6 9 12 19 34 35 36 41 48 50 66 78 80 85 86 87
0 4 8 11 24 28 29 35 38 40 43 47 48 49 51 53 69 73 85 86 87 88 90
3 7 11 21 25 29 34 38 42 47 55 60 63 69 73 74 75 78 86 87 93
3 4 7 8 9 19 21 23 25 28 36 38 39 41 43 47 59 63 72 83 86 87 91
0 3 4 5 11 14 16 25 34 38 40 49 50 52 53 57 60 61 63 67 68 69 71 72 74 78 84 86 87 89 97 98
3 11 17 40 43 45 47 48 49 51 60 63 69 71 73 74 85 93 97
3 12 28 36 39 51 52 61 67 85 86
1 8 11 14 15 17 18 21 23 28 35 36 38 39 44 47 48 53 60 62 63 67 68 69 70 74 78 81 83 85 89 93 94 97
8 13 15 17 26 35 36 38 43 48 50 54 60 63 67 68 71 74 81 83 86 87 90 95 97
0 3 4 5 9 11 19 29 31 35 36 38 40 41 60 61 62 63 67 69 72 78 86 87 89 97 99
3 4 5 17 18 22 38 48 51 63 66 69 72 76 78 81 84 87 93
4 8 9 11 17 21 26 27 28 29 33 36 38 39 47 57 62 63 69 71 72 74 78 81 83 85 93
3 5 9 11 17 19 20 33 36 40 43 46 48 50 51 63 69 80 81 85 86 89 96
3 9 14 17 28 29 33 34 35 40 42 45 47 49 52 60 63 69 74 78 81 85 87 88 96 99
0 7 21 42 45 48 51 62 63 66 69 71 72 81 85 87
0 4 6 16 19 29 35 41 43 49 51 52 62 67 69 79 81 89 93 97
8 11 14 18 19 23 28 29 31 33 36 48 49 55 60 62 63 68 69 70 72 74 78 87 92
3 8 11 12 13 24 26 28 34 36 38 42 43 46 47 51 53 61 62 63 67 68 71 78 80 83 85 86 87 98
4 5 8 9 11 12 14 17 18 23 28 29 35 36 38 39 41 42 44 48 57 59 60 62 63 67 68 71 73 76 81 87 88 97
7 8 9 14 20 26 29 36 38 52 63 67 71 73 78 79 86 87 89 93
0 5 9 14 16 22 23 26 28 35 36 38 39 40 43 48 49 53 61 63 73 78 83 85 86 87 93
3 7 11 24 28 34 36 39 47 48 55 57 71 72 73 83 85 86 96
3 7 8 21 25 26 28 33 35 36 38 39 40 48 51 53 61 62 63 67 69 72 74 85 86 93 95
0 3 5 6 8 9 11 13 17 19 21 28 29 35 36 38 39 40 42 43 47 48 49 51 62 63 66 69 72 73 74 80 83 86 87 88
8 12 16 17 23 26 35 36 38 40 48 49 51 60 62 63 67 72 86 87
8 9 14 17 21 26 28 33 36 38 42 43 45 51 52 57 60 63 69 77 80 81 83 89 90 92 96 98
3 4 5 8 13 17 21 25 31 35 42 45 49 51 60 63 67 69 70 74 80 87 93 94
0 8 9 15 17 19 23 34 38 43 51 55 60 61 63 66 67 69 73 86 87 95
3 5 8 12 26 33 47 50 57 62 63 66 74 78 83 87 89
3 4 6 11 12 16 17 21 22 38 42 47 48 61 63 69 71 74 81 87 89
5 11 18 19 23 29 33 35 36 38 42 43 48 51 61 63 65 81 83 87 89 95
0 8 11 12 14 16 17 18 25 31 38 45 47 50 51 62 63 66 67 72 74 80 85 87
0 8 19 23 29 36 38 39 43 48 59 61 62 73 74 87 89 94
0 3 21 25 28 35 38 40 42 43 51 67 69 74 87 90 93 97
0 5 6 7 9 10 11 14 19 25 26 29 33 34 38 39 42 49 61 63 68 69 80 81 84 87 88 93 97
0 3 7 8 9 11 13 16 17 26 28 29 33 35 38 39 40 41 42 43 46 47 48 51 57 59 61 63 69 72 79 83 85 87 89 93 97
8 14 16 19 26 28 29 33 35 36 39 42 57 61 62 63 67 70 72 75 80 81 87 89 90 93
3 9 12 17 26 27 28 29 35 38 39 40 43 48 52 62 65 67 69 72 75 80 87 89 96
3 7 11 18 24 26 33 38 40 43 80 85 87 88 91 97
11 12 25 33 35 36 38 40 43 47 51 52 63 68 72 73 80 86 87 91 95
8 9 11 14 15 16 17 25 28 35 38 40 48 53 61 63 70 71 74 76 87 97
0 7 9 11 13 17 18 23 35 36 38 39 42 49 57 63 67 68 72 74 75 79 83 85 87 91 96 97
5 17 26 33 36 42 47 49 51 55 61 62 63 68 69 70 74 80 81 83 85 87
0 3 5 6 7 8 11 14 22 23 25 28 29 33 34 36 38 47 52 61 62 63 66 67 68 69 73 79 81 87 90 94
3 7 8 11 12 17 18 26 28 29 31 33 34 35 36 38 40 42 47 48 53 60 63 66 69 75 78 80 81 83 85 87 89 93 97
3 10 11 26 31 36 38 39 43 46 48 53 60 61 63 68 69 74 75 83 85 86 89 93 98
0 3 7 8 11 14 22 23 27 32 38 39 41 47 48 51 57 62 63 68 72 73 81 87 88
0 3 4 8 10 11 14 17 23 26 27 28 35 36 38 39 40 43 48 49 52 53 59 61 63 68 69 70 72 73 74 78 80 85 87 89 90 93 96 97
3 23 26 30 33 34 36 38 39 49 57 66 69 70 80 83 85 86 88 95 98
3 4 8 9 11 17 21 27 28 33 35 38 40 43 48 63 66 67 69 73 76 78 83 87 89 92
8 11 14 17 25 28 29 38 39 40 42 43 48 49 61 63 69 70 71 81 85 86 87 89 97
4 5 9 11 17 21 28 33 34 35 36 40 42 45 46 48 61 62 66 67 69 73 78 87
5 7 8 9 17 20 25 28 29 36 39 43 45 48 61 63 67 69 71 73 76 80 81 83 85 89 94 95
5 8 10 14 17 18 26 28 35 36 38 39 43 48 49 52 53 55 61 67 69 73 74 78 86
0 3 11 12 18 21 35 38 39 41 43 44 46 47 48 50 51 61 62 63 68 69 75 77 81 85 87 93
9 10 14 29 31 36 38 41 43 48 52 53 63 77 78 81 83 85 87 93 99
0 3 8 11 12 14 25 26 28 36 38 40 42 43 50 51 52 61 63 66 69 70 71 72 74 75 78 80 89
5 9 17 28 33 36 48 52 60 63 66 72 85 89 93 96
3 9 13 14 31 33 35 40 42 43 48 51 61 62 63 68 72 73 74 81 86 87 89 95 97
0 3 8 11 12 17 27 29 40 43 47 63 66 67 71 73 74 85 86 87 88 89 90
0 3 6 16 17 18 33 35 36 38 50 63 67 69 74 77 83 85 86 89 97
3 8 11 12 14 25 28 29 40 43 48 53 55 61 63 68 72 73 80 81 85 87
7 9 20 28 33 38 39 40 46 50 63 64 67 69 71 76 81 85 87
0 3 7 8 14 17 24 25 28 36 38 40 46 51 60 62 63 66 67 69 74 81 83 85 87 95
0 7 9 10 11 14 19 24 25 28 38 40 44 47 48 51 53 61 63 66 67 69 71 73 74 75 80 85 86 93 99
3 5 9 11 12 17 21 27 28 29 34 35 38 40 41 47 48 52 54 63 70 73 74 76 80 85
0 3 6 8 9 15 17 19 23 33 35 36 38 39 42 47 50 53 62 63 67 68 69 70 72 81 83 85 86 87 89 97
4 8 9 10 17 19 22 23 29 34 52 55 61 62 63 78 80 86 87 88 93 98
7 9 11 17 23 24 28 33 34 36 38 39 42 43 48 52 72 75 80 83 86 87 97 98
4 5 8 35 36 38 39 50 53 61 63 81 87 97
5 6 13 17 19 23 25 28 35 36 38 46 47 52 61 62 63 67 69 70 72 76 78 79 80 81
3 7 13 17 25 26 29 36 38 39 51 61 63 66 69 78 79 80 95
8 9 10 11 17 18 21 23 25 36 39 40 53 54 62 63 66 68 69 75 76 78 80 81 83 85 87 88 93 95 97 99
3 4 11 17 19 21 23 26 29 31 34 36 38 47 48 49 61 62 63 67 69 70 85 87 93 96
0 4 7 11 12 17 18 23 28 33 36 38 39 40 45 46 48 52 55 61 66 69 70 72 74 81 85 86
4 22 28 29 34 47 48 57 59 61 67 80 86 98
0 5 7 8 12 14 17 25 29 34 35 36 38 39 40 42 47 48 55 57 60 61 63 66 69 71 73 74 76 85 99
3 8 9 10 12 17 19 32 34 35 36 38 47 48 50 63 69 71 72 73 78 80 85 87 93 97 99
3 7 8 11 14 19 20 28 35 36 38 43 48 57 60 61 63 69 71 72 78 80 85 86 87 90 95
10 11 14 17 36 38 43 48 50 60 61 66 72 80 81 83 85 86 93 94
4 5 7 8 12 25 28 47 48 49 51 53 63 69 72 73 80 81 83 87
3 8 11 14 17 20 23 25 33 36 40 42 43 44 46 47 48 51 61 63 67 69 80 83 86 87 95
3 4 5 11 17 19 21 23 31 33 34 35 38 42 48 51 59 63 68 69 71 78 79 80 85 87 88 89 93 97
0 3 5 8 9 11 25 28 29 35 36 40 43 60 62 68 69 71 72 73 81 85 87 89 92 95
3 8 11 14 15 21 25 43 44 48 51 53 62 63 67 74 79 80 95
0 11 12 18 23 33 35 36 38 39 43 47 49 57 63 68 73 81 85 87 89 93 94
0 7 8 9 11 16 17 18 21 26 28 36 38 40 43 62 63 71 72 73 76 81 83 86 91 94 95 97 98
3 5 10 12 17 23 26 29 35 36 38 39 41 42 56 59 63 67 69 81 82 83 86 87 90
0 8 12 13 14 15 21 23 29 31 35 36 40 41 43 46 47 49 50 59 60 61 62 63 68 69 70 71 78 83 93
6 21 25 29 36 38 40 43 61 62 81 83 92 97
0 7 8 9 11 14 18 21 23 28 32 33 36 38 43 47 48 52 60 61 62 63 69 71 72 78 86 87 89 93 94 95 97
5 9 17 28 30 36 38 42 54 61 62 66 67 69 73 79 80 84 86 87 88 89
0 4 6 9 11 12 17 20 23 28 29 38 39 42 43 46 48 50 57 59 60 62 63 67 68 69 71 76 78 83 85 87 89 93
3 9 11 12 21 27 29 34 36 38 39 40 41 48 52 57 63 67 69 71 85 96
3 4 7 9 14 21 22 28 35 36 39 40 43 46 47 63 66 67 69 71 72 78 80 81 85 86 87 93 94
1 8 9 14 19 35 36 39 43 48 68 70 72 87 89 97
5 8 9 11 17 30 31 33 34 38 39 42 43 47 52 53 61 62 63 66 68 69 71 72 73 74 80 81 83 86 87 88 96
3 4 5 9 11 13 15 17 23 28 34 35 36 38 43 46 49 53 61 62 63 67 69 71 72 78 80 86 87 99
10 11 13 14 17 38 39 43 46 47 51 54 60 61 63 67 69 73 74 76 80 81 85 86 87 88
3 8 14 22 23 26 28 29 35 39 40 41 42 43 63 69 70 72 80 81 95
3 7 9 11 13 14 17 20 21 23 26 28 29 36 38 40 46 47 48 62 63 67 69 70 71 72 87 88 93 97
2 8 11 17 19 21 28 36 43 48 50 51 52 57 61 66 69 72 86 89 90 97
5 7 11 14 18 28 36 38 40 46 47 52 53 61 62 63 67 69 70 73 78 80 85 93 98
5 11 12 14 16 17 21 23 33 35 36 40 43 47 48 55 61 62 63 69 70 72 73 74 81 86 90 93 97 98
0 6 7 8 11 12 14 17 28 29 35 36 48 49 50 51 61 62 63 66 69 74 86 87
0 8 9 11 13 15 18 19 21 29 35 36 39 41 46 47 50 51 52 61 62 69 71 73 80 81 85 87 90 93 94 96
3 8 14 17 18 26 32 36 38 48 61 63 67 69 77 81 83 86 87 93
4 6 10 11 17 23 27 35 36 38 39 40 42 47 48 59 62 63 73 74 80 81 85 92
3 8 11 17 29 36 38 39 40 45 47 48 51 52 55 57 60 62 69 70 73 76 81 83 85 86 87 91 92 95 96 97
9 10 12 13 39 40 41 43 47 49 60 63 69 70 73 86 87
6 7 11 23 25 29 38 41 47 52 63 66 83 85 87 90
14 17 21 23 35 38 39 40 48 51 62 63 69 70 73 85 86 87 93 98
0 5 14 17 23 27 28 42 43 44 50 51 55 57 59 62 63 72 74 81 83 85 87 88 89 93
3 7 9 11 12 14 16 18 19 22 25 36 39 51 52 61 62 63 66 67 69 71 73 80 81 87 89
3 4 8 10 12 14 18 23 28 29 36 47 48 55 57 63 72 83 85 87 89 97
3 6 11 14 21 23 25 26 28 29 36 38 40 43 47 48 51 55 60 63 65 76 78 79 83 87 89 97 97
