7 39 42 56 293 321 350 397 432 459 471 510 521 524 543 547 553 578 592 599 622 629 644 656 716 729 772 790 794 838 981
29 62 80 107 108 129 152 163 304 306 336 388 405 420 429 437 443 561 566 625 629 705 766 813 815 870 894 902 904 962 964 994
38 51 60 85 86 137 146 188 214 325 371 374 387 395 418 444 447 456 571 628 684 764 837 840 858 970
7 8 35 50 60 102 106 117 127 172 194 221 351 432 519 557 578 592 599 607 624 753 868 870 877 954 959
39 106 107 123 124 135 155 167 169 182 214 287 374 497 589 593 601 673 729 733 778 806 820 847 848 850 911 989 990
3 25 116 123 179 201 374 414 558 571 601 612 682 773 803 806 916 934
12 36 47 148 238 278 328 368 404 416 446 447 456 471 544 559 584 668 692 719 737 772 855 934
7 21 150 245 255 371 425 477 644 733 744 773 803 946 966 981 994
11 29 119 137 182 274 283 412 441 442 456 472 473 487 490 506 571 682 732 756 801 813 820 832 835 845 874 903 909 991
17 38 144 221 280 310 335 416 439 543 575 582 583 595 625 629 778 789 834 874 923
38 40 42 52 95 127 240 344 416 425 500 532 537 540 559 561 613 624 647 648 656 827 858 859 931
9 36 51 67 69 148 173 185 241 288 300 348 403 429 438 601 605 615 620 835 874 950 988
9 18 50 100 103 127 219 220 241 242 255 277 295 319 439 456 501 558 575 628 709 721 786 806 826 829 876 877 952
61 117 173 179 241 259 274 439 444 519 520 592 604 607 613 662 709 737 807 830 884 895 925 946 962 990
14 123 146 147 155 194 205 246 259 274 284 297 306 397 414 472 519 593 646 647 656 732 766 815 826 835 868 955 988
69 124 188 204 214 255 300 369 447 530 531 558 561 599 629 692 719 722 735 740 776 825 837 855 893 931 934 981 994
14 36 179 209 234 246 320 321 322 325 328 339 348 395 453 463 517 523 631 648 666 676 705 711 724 778 790 799 828 829 832 867 920 921 985
60 69 85 154 176 179 226 318 325 358 360 371 387 416 425 444 456 486 494 559 666 772 777 829 850 884 896 904 931 952 961
47 118 124 178 291 306 360 476 514 527 544 545 623 628 643 653 673 734 807 837 859 938 961
17 21 62 67 87 119 124 213 221 229 300 337 371 410 429 484 579 592 612 707 738 764 767 782 815 827 855
68 137 151 307 368 383 492 524 559 572 624 634 682 707 852 874 924 934 949 993
8 20 27 28 74 146 209 235 247 316 402 486 507 570 578 623 628 710 744 798 806 813 868 912 947 959 970 981 987
18 56 78 81 111 117 118 157 289 357 423 433 481 482 490 491 511 553 648 674 729 737 778 799 806 820 925 938 951 988
7 33 36 48 51 94 116 124 154 238 282 347 364 368 369 398 416 486 670 673 690 707 745 753 782 796 830 858 863 888 909 932 970
48 62 73 117 123 132 154 205 214 221 222 281 350 388 414 459 467 490 553 613 766 778 808 827 868 959 988 992 996
80 87 110 112 125 132 133 145 146 150 214 227 258 293 316 336 395 403 432 443 486 507 557 569 604 673 782 791 803 825 838 883 910 959
6 43 73 132 136 142 147 190 191 223 228 229 246 258 339 364 399 410 486 545 579 601 609 703 709 941 973
17 111 117 154 199 259 277 316 360 372 412 432 477 491 524 540 558 753 806 820 837 858 871 892 925 934 938 952 953 962 964 992 996 999
15 38 127 203 319 328 382 395 416 430 444 460 578 676 733 734 772 784 790 813 909 912 949 981 988
43 70 160 163 173 192 217 222 281 321 387 445 544 606 631 676 678 704 740 744 790 825 909 946 959 983
60 62 119 132 190 300 316 338 387 409 425 443 494 501 507 521 631 647 662 673 703 707 772 815 820 837 863 976
7 98 116 124 170 201 217 326 342 357 368 373 437 473 521 528 538 554 592 601 607 614 642 707 727 954 990 993
26 29 34 87 127 219 221 248 261 283 322 391 395 416 442 444 527 547 586 599 620 707 714 828 891 903 912 915 966
21 33 63 80 123 147 173 181 197 201 209 229 289 306 330 397 398 439 442 493 501 527 539 578 592 767 809 873 874 946 963 991 996
53 60 93 120 124 144 155 240 280 293 338 353 416 459 510 611 613 637 745 764 860 902 904 910
39 49 69 119 169 198 214 287 314 409 589 593 649 682 709 744 778 790 813 830 858 879 890 902 915 988
5 33 36 38 48 94 112 132 214 246 253 258 306 322 375 440 461 480 500 540 559 585 644 668 686 693 740 806 807 863 881 907 950 992
14 36 61 127 150 220 221 222 233 289 302 321 360 377 399 402 405 444 524 565 634 673 687 747 757 821 828 835 868 886 924 988 999
43 48 198 238 246 291 319 416 441 500 514 699 709 710 799 832 911 939 973
66 123 124 209 240 297 300 372 416 420 456 487 652 687 743 753 767 800 808 876 929 955
63 73 100 109 112 118 170 178 247 318 381 527 586 589 619 643 649 662 707 709 710 901 946
8 11 38 51 132 144 216 336 373 379 518 540 554 589 599 610 674 747 764 821 850 859 901 941 960 973 994
63 126 132 154 247 306 326 354 360 361 395 404 428 437 442 480 511 527 612 614 757 764 782 827 829 903 988 990
117 132 153 168 214 243 274 300 316 378 416 446 501 511 552 561 592 620 673 813 861 874 877 898 962 996
3 39 60 86 124 148 155 221 235 242 299 330 371 405 412 423 471 480 621 721 738 780 806 950 959 988 993
11 17 52 142 148 193 197 217 221 300 387 388 399 412 446 487 497 502 545 578 589 595 598 616 627 709 720 733 764 786 803 808 917 924 946 964 993
14 89 117 124 131 209 222 231 284 340 405 425 471 553 676 690 838 868 983 992
33 45 59 67 68 69 71 73 140 157 168 182 231 238 403 607 619 638 656 666 697 737 747 756 868 914
33 43 63 83 84 98 176 274 325 331 486 570 579 634 646 658 669 707 820 833 852 863 865 909
18 51 119 155 167 201 222 246 335 412 437 442 446 477 490 495 501 541 545 670 688 733 761 815 867 874 902 907 926 981
15 45 69 118 172 182 198 201 259 326 372 403 437 495 518 544 595 631 643 662 673 737 756 809 837 838 852 874 891 955 969 978
11 68 155 169 170 209 233 344 430 436 444 455 463 486 495 530 607 735 740 903 909 992
27 29 39 48 78 138 146 193 281 314 330 339 524 571 575 640 764 778 874 886 930
23 28 39 47 71 87 100 159 168 217 221 319 380 385 430 500 532 558 645 656 831 832 839 871 915 988
11 21 36 93 101 175 182 238 281 282 328 368 388 416 561 580 673 753 820 963
63 87 108 123 233 241 247 272 274 289 293 414 472 531 539 566 584 612 722 729 738 894 914
43 47 53 63 66 109 124 178 209 399 409 416 444 491 511 522 534 571 604 656 676 723 729 764 807 849 859 942 946 959 973 988
38 81 140 159 179 198 283 289 430 487 521 529 571 607 652 682 692 709 729 763 820 839 908
42 55 123 131 255 291 337 442 480 490 659 684 707 818 830 850 921 993
67 87 132 140 168 205 222 228 240 247 260 430 480 487 517 571 629 657 709 761 791 827 839 871 883 889 934 988
60 87 124 131 153 184 193 204 221 248 315 332 339 418 425 442 463 676 707 710 734 751 800 855 870 992
17 85 86 137 150 158 167 291 444 459 477 620 628 684 688 705 740 747 795 803 834 854 970 973
23 124 155 167 191 266 282 299 318 430 432 447 456 524 592 595 601 662 692 733 747 776 800 817 832 927 934 994
28 29 38 52 74 95 146 207 226 235 335 387 425 429 439 442 461 495 499 511 549 559 613 687 697 723 744 797 798 800 874 908 962 965 992
20 61 192 222 233 273 423 428 540 571 607 634 674 722 776 807 974
36 47 48 68 148 179 193 221 356 432 542 553 561 571 666 686 699 715 721 767 813 832 876 919 953
26 47 108 191 217 277 291 314 334 335 346 414 480 539 543 561 709 729 797 849 904 910 930
36 124 132 138 146 188 209 234 259 291 306 320 321 335 414 420 442 463 493 612 624 628 711 712 734 750 780 883 938
81 116 139 147 188 220 306 321 353 356 471 586 613 631 644 662 665 682 778 855 885 901 938 950
119 145 151 179 195 317 351 353 477 518 538 544 570 646 656 707 734 852 859 861 914 963
11 57 78 132 209 238 246 250 291 373 442 521 594 604 614 901 960 988
15 40 132 173 182 238 259 277 285 322 360 467 486 492 521 559 601 704 772 789 799 821 831 836 893 961
40 41 43 59 146 154 219 233 234 258 316 318 357 517 539 575 582 612 628 631 673 710 733 767 773 808 811 826 959
9 39 55 63 89 137 138 213 360 374 397 399 402 536 540 570 578 586 593 628 658 674 722 800 801 828 838 859 861 874 931 987
33 47 63 93 111 118 124 140 144 299 335 357 414 416 425 447 553 571 579 743 750 764 810 879 907 917 930 994
20 62 107 132 178 213 258 493 546 552 570 595 599 668 674 707 807 808 870 914
48 51 71 149 198 222 291 398 416 432 437 480 575 795 826 896 941 994
14 17 95 212 218 233 318 344 375 384 416 441 471 477 540 553 587 648 678 679 727 729 733 740 764 812 815 974 996
43 55 69 100 176 188 216 237 246 287 290 300 322 371 387 405 425 625 634 732 738 753 800 946 999
7 36 119 150 159 214 534 543 863 930 931 981 988
5 8 15 125 127 137 166 230 319 378 397 404 417 456 511 524 542 545 553 672 723 831 860 887 942 946 970 974
53 87 120 127 155 185 207 218 293 353 377 389 403 409 432 443 459 471 518 520 604 611 613 656 756 764 914 973 998
6 40 77 146 222 238 249 335 385 399 429 592 707 783 820 915 992
11 39 69 222 266 338 364 437 558 578 656 673 879 904
62 69 212 222 436 442 453 467 495 532 538 553 577 589 595 631 652 715 737 782 861 863 962 965
111 127 148 178 201 259 281 283 332 356 374 405 409 413 467 472 553 625 752 758 764 786 808 901 902 916 925
5 81 132 298 432 477 485 591 628 649 663 808 820 849 851 879 890 902 909 915 966
155 212 218 246 285 305 329 336 368 375 395 409 422 456 530 542 628 707 722 723 727 764 769 811 820 827 837 842 883 892 955 992
11 21 29 101 135 353 377 399 404 416 482 497 527 571 592 614 625 628 682 700 739 753
11 38 47 127 148 166 168 191 238 274 278 310 348 368 380 446 516 520 544 571 583 584 629 656 789 814 988
23 48 150 154 221 247 326 330 344 459 493 553 558 580 592 623 688 826 877 962 985 988 989
3 56 86 128 198 221 261 291 293 300 322 339 423 430 439 456 477 521 553 604 614 666 682 729 732 764 806 808 852 902 909 961 993 994 998
62 127 173 360 444 592 662 697 759 764 832 891 904 946 963 995 996
14 45 78 233 255 302 367 377 405 416 425 430 437 442 444 514 518 631 634 699 740 757 778 815 820 838 858 878 924 930 992
17 36 39 72 133 154 160 472 531 546 553 733 868 874 879 886 903 961 963 970 972 993
3 11 12 39 50 52 99 102 139 194 197 209 291 318 402 462 545 561 743 765 800 924 926
39 51 86 147 182 185 233 238 281 289 318 336 368 377 398 399 416 437 477 553 595 729 795 799 809 912 925 976
14 51 60 85 87 123 127 209 221 222 259 260 277 371 375 399 402 444 445 456 459 485 509 527 553 612 679 704 838 859 868 879 988 994
106 119 187 221 281 303 374 387 399 437 444 453 471 481 521 526 531 545 571 640 642 657 732 752 780 833 863 876 881 903 927 938 961 962
33 50 52 104 132 221 233 319 474 571 656 733 781 799 828 830 956 960 962 963
71 107 209 259 297 348 374 380 415 584 629 665 687 705 724 809 868 876 929 998
7 17 43 93 130 176 238 280 490 553 559 592 662 664 688 699 707 737 790 813 840 855 874 990
80 127 181 201 209 238 240 320 324 330 376 397 398 472 509 524 542 657 671 682 800 902 946 966 996
47 69 116 145 148 217 221 280 338 346 371 403 414 437 481 490 539 647 721 764 772 785 873 903 961
25 107 139 140 277 291 299 331 416 442 446 465 541 575 603 624 674 707 718 720 800 837 840 852 903 955 991
26 121 183 231 300 306 338 368 399 403 409 459 516 601 613 677 721 834 854 871 894 973
39 61 62 146 219 327 333 336 338 466 521 527 531 572 592 679 732 783 806 814 835 941
8 36 59 132 169 203 212 216 221 234 293 409 487 490 507 589 623 628 629 660 827 890 946 954
74 76 83 87 106 159 169 217 229 266 274 289 300 350 377 430 482 487 501 514 527 559 592 709 737 807 820 828 837 878 895 902 908
21 38 39 67 69 180 246 261 316 329 344 374 439 464 539 553 631 668 707 731 764 767 812 829 837 902 970
109 127 146 168 188 197 274 281 283 339 344 347 353 377 397 404 420 586 589 628 805 868 914 990 994 998
52 117 133 160 221 283 289 378 412 425 451 620 628 656 666 764 799 802 811 827 960 962
7 26 38 80 94 118 148 190 240 387 405 472 497 511 521 549 650 773 831 874 885 903 949 996
9 23 69 261 274 325 374 444 447 484 603 631 664 709 722 737 832 849 874 905 908 934
72 166 168 209 247 263 279 281 289 312 358 481 592 599 652 669 679 710 798 806 809 871 897 941
5 123 159 212 218 238 248 299 307 472 538 578 592 629 658 709 722 764 773 781 807 860 908 959
29 36 174 274 302 371 400 414 417 459 480 509 592 601 664 670 707 709 737 741 798 814 832 853 863 868 870 877 879 901 903 915 925 961 994
3 27 91 127 138 147 150 238 242 246 248 283 337 424 500 584 624 629 631 673 770 773 794 799
33 34 69 93 117 135 195 300 316 342 373 432 437 538 553 656 707 805 837 871 901 945
7 55 87 195 209 238 334 366 368 415 432 437 465 507 540 553 612 629 634 682 756 773 808 827 832 837 901 961 988
69 89 167 186 189 193 377 414 471 542 589 666 673 707 790 820 875 891 950 992
22 35 40 62 205 291 338 368 412 413 419 471 511 545 547 567 574 666 673 886 961
83 87 101 145 185 221 248 395 416 443 444 509 587 595 612 625 707 727 807 809 873 986
107 124 132 163 169 241 300 387 400 447 463 472 488 502 530 667 716 737 752 874 881 902 903 952 988 993
9 48 53 124 219 255 293 300 306 314 486 520 521 558 571 599 644 682 738 752 790 874 877 891 894 959 963
20 27 47 51 66 87 109 127 132 167 189 221 246 399 404 423 437 447 472 534 543 592 813 851 859 868 912 981
18 28 71 118 124 131 138 139 154 185 404 482 486 492 495 527 553 598 600 601 604 652 756 800 891 938 959 961 981 988
48 67 112 124 154 188 191 289 299 332 378 409 413 497 613 669 699 728 753 756 797 807 839 879 902 910 994
15 40 47 138 154 209 240 292 314 316 338 364 445 482 572 615 709 767 773 858 886 901 917 934 952
99 117 395 402 478 558 601 699 709 767 807 908 966
33 35 36 48 96 319 341 457 480 559 566 603 612 623 669 691 706 789 795 852 860 868 930
12 17 52 81 85 144 148 154 222 274 316 446 500 527 574 584 613 629 658 729 735 746 778 908 925 981
52 114 123 331 353 372 402 432 453 487 510 545 673 709 782 832 868 892 934 955 989
8 14 24 48 63 148 224 326 327 331 356 437 463 470 516 601 736 753 778 808 855 973
25 107 109 127 148 151 154 163 222 242 247 318 375 395 442 521 538 540 568 570 575 606 618 631 647 676 780 789 815 832 838 849 861 874
38 50 73 106 148 197 281 395 402 418 442 444 473 482 607 628 688 721 811 815 820 837 844 871 876 889 903
7 61 117 135 147 153 168 183 188 209 219 255 293 300 377 444 471 480 516 553 559 592 595 623 629 648 666 669 682 764 800 809 835 894 898 931 949 963 974
5 69 120 138 187 224 241 336 425 428 490 546 553 557 657 664 692 807 820 831 879 973 976
11 72 152 173 266 277 360 429 585 647 676 682 759 778 863 879 903
42 85 112 116 183 212 259 360 422 536 537 550 664 677 696 767 959 963
85 117 317 444 504 592 644 652 721 806 827 909
11 17 62 81 158 339 404 431 442 459 486 527 575 684 742 784 803 926 973
23 50 86 108 140 148 212 293 318 388 436 439 484 485 495 699 704 707 874 884 902 903 925 933
51 63 89 140 141 159 179 188 198 281 283 289 306 316 521 523 529 546 571 652 733 894 903 924 948
47 169 179 191 217 289 334 409 456 487 507 519 531 554 607 925 930 954 959
3 140 160 179 198 219 222 248 266 289 377 433 493 521 569 571 595 647 652 670 729 733 745 806 807 884
3 35 63 66 124 140 198 221 255 487 523 530 551 553 558 631 719 837 855 925 931 981 996
21 38 72 83 87 154 172 191 204 255 339 364 381 425 649 724 752 756 767 800 803 827 875 950 963 981
83 91 104 287 311 319 326 360 378 404 425 437 456 480 491 539 543 553 561 647 656 675 682 800 851 868 937 973 974
14 67 137 183 216 221 258 261 377 416 444 480 544 569 628 666 800 803 809 813 921 981
11 36 83 87 98 116 150 171 205 221 275 300 405 523 536 553 571 674 724 782 800 802 806 808 876 901 904 955
8 39 51 87 116 123 221 398 416 432 463 474 519 612 729 738 773 795 806 820
26 36 106 188 274 374 400 460 565 599 606 607 623 627 644 677 733 794 827 903 915 956
0 36 47 142 214 221 233 360 375 490 545 584 631 653 756 855 860 868 877 907 938
36 38 87 130 137 215 319 325 395 397 409 444 480 516 522 553 555 764 807 878 879 902 904 914 924 959 963 973 988 994
11 28 41 59 154 284 316 351 357 403 432 482 546 636 672 673 688 729 764 925
71 102 104 205 238 243 274 395 404 449 456 495 543 605 656 660 755 800 903 908
14 81 152 170 274 300 325 342 396 401 545 612 622 707 721 764 772 871 876 884 907 946 959
36 38 43 73 155 214 231 277 322 338 359 368 430 445 471 530 546 603 670 673 674 707 843 895 992
38 190 336 360 361 405 432 545 650 653 723 772 780 808 831 842 860 876 990
11 46 61 63 112 160 170 209 299 353 359 364 466 501 536 542 552 566 615 624 628 667 707 715 721 753 798 800 801 871 886 908
9 12 61 117 140 147 163 188 209 233 259 261 278 287 371 377 415 432 472 501 559 629 647 648 744 798 868 946
55 87 101 111 170 259 274 471 486 545 601 667 752 786 806 871 884 925 949
14 38 123 148 150 169 219 287 381 402 414 416 439 441 442 443 456 471 502 540 558 628 756 786 826 837 891 899 913 934 950
0 7 24 43 198 274 314 371 409 419 521 575 592 604 717 776 806 815 873 908 996
42 127 147 173 178 179 231 257 273 277 336 350 367 368 374 410 418 460 527 592 601 622 628 631 648 709 799 815 827 855 867 895 981 998
5 11 20 27 40 124 147 293 314 318 399 405 412 416 478 511 521 586 628 729 778 813 868 885 912 925 938 953 981 999
1 11 23 47 90 145 150 222 231 364 402 444 487 501 534 547 553 559 571 612 669 682 720 855 955 988
17 35 92 119 155 162 183 208 219 248 306 322 339 368 371 377 399 459 486 579 592 622 722 764 782 821 884 950
38 87 127 147 189 387 395 405 416 443 444 507 509 587 625 668 758 807 873 912 934 951
5 21 29 40 83 106 125 204 248 274 279 346 371 374 405 432 439 490 543 597 628 709 744 772 798 910 925
47 57 109 146 160 325 371 420 476 480 520 544 559 673 740 807 989
14 20 40 47 146 255 339 346 455 482 487 500 555 613 624 666 707 773 795 803 859 934 983
51 123 137 138 154 209 233 283 289 293 314 338 412 446 472 490 500 520 534 539 565 670 708 713 752 817 824 851 902 934 950 964
14 36 49 73 125 169 209 213 238 259 266 272 320 324 336 372 382 395 487 509 524 546 558 590 592 647 674 722 747 902 909 910 963 990
125 127 131 145 167 169 208 283 289 518 530 553 592 707 722 738 744 782 832 926 931
49 139 160 169 216 217 260 274 311 420 426 460 482 490 522 664 709 807 871 879 907 941
3 104 121 123 132 145 284 319 322 432 477 484 495 603 669 670 699 753 874 877 903 913 933
26 100 123 219 261 325 369 538 586 622 648 751 776 794 799 828 845 924 953 959 994
10 43 50 63 119 335 351 367 377 398 405 536 547 571 592 619 666 707 806 949
9 53 61 69 127 214 253 319 420 439 446 486 488 545 623 710 722 733 772 784 858 903 912 924
14 33 63 81 117 242 246 324 471 504 539 570 571 616 629 644 652 658 721 837 845 852 884 904 909 952 964 992
3 14 48 81 147 188 222 246 260 261 280 307 369 416 423 571 586 594 613 634 656 667 806 828 902 942 959
15 17 38 89 193 300 318 319 326 348 375 399 416 418 518 571 616 673 676 705 709 724 734 753 805 861 871 912 913 929 951 974 981
11 81 83 146 157 188 221 257 289 363 371 402 411 437 576 592 624 639 709 729 769 827
5 7 14 39 69 86 138 143 221 246 300 364 387 405 447 563 599 709 748 753 800 852 893 999
87 182 202 284 293 342 388 395 396 577 623 631 709 721 781 811 894 902 909 959 990
29 87 88 155 186 188 216 222 300 374 375 405 435 486 490 571 631 723 832 907 917
21 63 143 173 283 330 418 432 501 544 575 578 586 592 613 631 636 647 699 716 778 806 809 828 868 915 983
78 127 132 154 155 208 233 248 255 318 321 399 404 425 437 473 521 545 561 778 815 859 877 879
48 63 71 87 140 159 217 293 412 430 473 478 521 554 559 584 594 595 617 722 757 873 885 907 915 993
63 102 140 159 193 219 257 293 318 377 385 444 692 753 817 874
89 129 130 220 234 360 486 536 571 592 623 673 729 776 806 827 828 858 874 893 938 944 963 996
29 38 127 318 328 377 442 456 474 511 540 553 605 679 795 870 871 910 974
12 19 70 71 81 215 224 319 415 494 512 529 553 558 579 601 628 709 790 894 908 912 946 966 981 993
15 36 61 66 405 409 432 445 501 512 542 553 555 571 583 767 799 808 817 820 892
42 90 195 291 385 398 399 592 604 703 709 744 782 808 817 829
8 36 53 93 100 248 257 336 338 342 351 363 373 389 403 437 459 538 546 562 637 673 707 782 821 832 876 909 970
28 67 124 139 241 243 344 357 519 527 689 767 790 800 829 894 949 959 981
33 43 67 69 147 155 266 283 289 293 303 456 553 604 634 647 682 704 722 767 783 815 835 852 988
17 21 53 61 66 93 139 158 179 190 209 238 300 338 418 459 465 471 491 497 606 637 674 683 684 863 925 934 964 973 981 996
40 61 129 147 238 247 259 283 374 382 592 604 660 699 808 844 902 983
85 123 124 153 169 224 289 325 358 500 534 708 771 815 817 851 873 929 934 987 999
16 17 29 182 216 289 306 444 446 486 545 571 614 628 700 706 764 815 863 884 892 921 938
0 86 95 140 149 160 238 371 423 444 622 766 782 892 938 962 994
11 20 39 48 83 99 100 135 137 214 274 287 303 460 478 531 540 595 601 619 668 673 767 778 789 827 837 849 858 871 909 964
3 93 143 214 271 286 433 464 478 493 505 553 595 601 647 656 706 709 714 729 737 766 797 855 939
52 68 71 78 159 209 233 336 344 416 436 437 455 480 486 495 538 607 640 709 764 778 781 837 908 973 992
48 67 124 147 186 209 212 218 259 375 442 481 553 710 723 764 782 813 827 836 868 873 894 925 992
67 81 108 119 210 238 283 286 293 304 331 416 432 439 541 555 561 611 642 710 753 764 769 815 870 998
9 14 26 43 81 85 108 123 171 188 214 216 234 246 325 330 351 368 377 387 559 573 619 634 716 737 756 806 821 847 981 992
38 83 104 124 148 176 223 233 327 331 402 516 580 595 624 625 673 676 681 709 729 738 860 870 883 994
5 39 68 85 191 336 412 432 457 472 493 542 545 624 760 813 849 852 873 911 912 929 950 959 987 999
67 90 155 222 235 246 252 335 344 375 395 437 527 544 565 592 599 624 631 721 722 744 782 807 815 832 868 876 909 969 973 981
5 39 125 137 155 159 207 224 230 432 525 538 545 557 561 577 624 709 750 781 803 852 887 908 911 929 950 963
36 40 43 85 223 238 306 311 418 439 456 485 490 592 619 631 639 645 673 690 709 712 723 780 837 858 864 870 894 902 924 950
29 38 71 81 85 93 132 135 163 217 236 326 360 375 387 444 461 473 484 487 527 553 570 580 592 610 629 656 661 668 706 707 715 738 764 832 988
34 63 87 99 198 212 221 227 518 544 571 594 634 646 730 734 773 805 855 950
38 62 76 111 255 303 327 399 453 547 640 732 764 818 903 904 927 963 995
34 47 120 127 154 159 202 203 235 339 374 405 430 487 531 599 607 668 682 709 783 820 829 839 845 850 909 934 966
49 61 68 89 138 209 233 344 360 368 403 410 436 455 486 488 495 557 592 607 628 668 711 733 808 826 855 988 992
22 25 35 62 117 123 131 140 198 337 416 440 442 495 558 567 614 620 644 663 699 707 830 874 992 993
8 19 43 55 147 163 164 259 321 330 344 387 453 472 539 601 689 808 849 914 930 948 994
38 86 127 137 314 322 330 402 439 540 566 598 647 656 756 782 847 966 973 981
86 140 149 176 209 395 424 445 571 592 723 767 822 871 892 924 994
50 63 170 176 214 471 488 603 656 667 973 988
4 39 51 180 214 261 300 369 388 398 416 432 638 660 707 722 735 776 795 829
36 73 77 95 100 127 161 166 169 183 188 252 283 289 293 316 357 367 440 513 543 595 699 721 734 761 764 795 806 829 902 955 983
3 69 116 125 127 131 142 145 208 319 375 390 490 530 575 585 598 647 697 733 744 758 759 815 859 955
33 51 179 235 292 318 321 423 521 530 601 606 652 716 764 827 875 948 994
36 80 119 123 190 205 238 290 371 374 377 399 453 486 504 546 582 592 725 820 867 876
12 40 47 67 87 117 155 195 209 274 293 356 371 379 397 416 444 461 486 586 592 601 658 666 667 679 732 748 852 859 874 962 993
36 69 83 117 140 147 189 215 374 377 380 412 416 504 521 571 620 628 629 644 652 655 721 955 988
73 124 138 210 281 402 416 433 439 464 477 493 511 516 604 624 647 648 662 666 673 753 785 845 893 938
29 63 93 144 166 182 201 209 231 282 293 356 360 375 416 481 524 540 586 629 699 773 808 831 909 963
42 71 109 147 154 172 184 191 209 281 293 353 377 399 430 432 440 553 559 592 669 684 729 827 828 850 907 909 915 925 931
85 124 142 163 227 300 317 325 410 477 487 520 546 559 590 634 656 771 863 939 963 990 992
132 167 173 176 190 205 209 222 228 266 284 287 347 364 371 430 486 514 521 523 553 575 592 601 623 686 745 799 820 941 973 986 992
14 50 66 139 147 238 252 325 336 404 465 540 599 612 629 664 707 709 753 767 773 799 805 827 861 871 891 962
62 83 116 121 127 150 153 387 414 416 439 474 527 545 592 743 780 809 915 938 942 991 998
4 42 98 100 132 146 161 169 192 229 237 259 360 364 484 536 546 595 620 740 827 896 942 961 963 993
25 87 93 99 161 192 238 281 314 320 324 389 418 430 500 509 524 634 673 717 729 755 827 902 948 961 993 999
8 14 26 48 78 100 106 198 246 259 293 318 338 342 402 438 439 444 470 501 571 578 583 595 613 737 778 780 803 827 871 927 934
116 203 238 339 347 405 444 445 520 553 557 796 806 832 909 964
14 20 100 123 166 227 255 266 327 377 416 419 432 436 487 524 545 555 769 773 795 797 803 806 817 934
8 39 63 148 188 229 246 293 518 540 560 569 572 586 592 623 645 676 764 866 911 986 992
26 51 87 131 267 281 318 369 377 382 403 456 465 531 540 553 592 627 656 679 699 704 756 782 876 910
33 80 93 106 140 163 179 259 277 371 432 456 472 569 604 682 732 737 744 778 833 885 931
29 66 69 86 145 149 209 212 213 439 543 552 570 671 723 738 808 809 892 895 905 930 938 942 988 992 996
258 283 293 344 374 377 416 466 472 486 553 560 604 616 717 719 783 807 878 950 988 992
63 121 126 132 145 146 266 335 439 511 553 601 603 669 670 829 892 929 954 955
33 43 100 107 123 132 136 142 145 160 222 248 293 339 446 464 472 493 521 584 803 810 972 988
69 117 154 236 247 318 325 364 369 520 553 656 733 740 827 883 886 924 959
14 42 111 118 123 125 182 248 293 331 360 402 441 471 487 546 553 578 592 623 644 657 701 709 729 790 793 800 812 838 843 876 885
43 132 187 318 319 403 445 490 493 586 626 650 651 656 661 709 827 837 879 904 961 975 992
19 72 124 238 291 360 412 469 539 558 592 652 656 668 709 738 775 778 798 835 851 868 874
5 38 40 48 80 85 87 185 190 221 247 412 429 465 473 521 548 598 601 604 660 666 682 684 706 747 784 808 844 852 856 917 986
40 71 83 145 351 402 403 404 429 471 477 510 586 601 607 611 709 814 840 876 877 913 963
57 127 201 241 277 352 497 592 628 729 742 832 904 952 996
106 172 222 241 257 266 274 300 326 335 414 421 446 519 544 610 612 644 807 843 901 903 925
18 36 39 43 67 83 109 127 166 193 248 266 339 405 543 545 550 592 639 675 686 689 709 744 767 800 812 815 908 988
68 127 133 159 183 289 404 420 444 480 553 624 625 647 666 740 758 771 778 800 809 813 894 916 917 937
28 124 139 227 234 259 260 285 322 432 444 467 470 527 545 559 600 604 633 753 772 800 836 870 906 959 996
38 47 63 66 123 150 173 187 199 222 231 284 289 330 342 400 421 423 509 545 599 619 651 740 770 815 828 886 903
35 111 117 199 240 368 400 477 500 592 613 677 743 771 859 963 994
22 48 70 92 109 127 137 209 318 374 382 424 444 492 493 529 550 613 647 673 675 773 837 840 858 898 903 907 933
69 210 335 340 400 431 530 541 705 740 766 808 811 884 908 925 941
11 36 63 123 132 208 226 259 272 278 289 371 379 400 425 463 547 555 559 647 673 679 709 797 826 885 930 964 988
18 52 63 85 135 199 282 300 313 314 321 360 374 395 453 456 500 501 526 536 545 571 575 669 676 709 796 806
40 62 98 125 187 193 246 293 307 440 443 485 560 577 604 624 647 682 716 794 813 904 981
45 93 119 144 204 280 294 346 371 444 571 578 662 678 682 707 764 808 876 925
66 123 140 213 229 331 416 480 592 647 729 738 750 896 907 917 959 991
70 93 293 382 400 480 510 567 699 737 740 782 863 931
137 179 209 240 420 444 545 604 610 709 813 828 901 925
80 111 221 246 289 368 384 395 416 431 438 477 481 492 532 599 699 778 850 871 903 904 938 981
39 50 100 160 387 442 599 647 780 975
22 34 93 144 169 178 185 188 233 316 336 371 432 472 527 532 583 595 603 682 729 764 881 885 901 902 909 947 976 981
78 87 130 152 193 215 347 456 524 543 553 577 592 598 709 754 909 963 994
43 63 107 412 432 455 480 571 611 758 799 871 981
100 117 132 168 205 241 246 247 274 403 422 437 477 592 759 764 769 806 827 926 966
36 68 127 155 209 229 233 318 319 344 353 399 436 438 455 486 495 555 607 629 640 684 891 962 988 992
35 40 72 119 127 132 167 221 266 339 360 403 414 441 497 545 553 555 623 631 653 696 722 790 855 880 885 893 955
3 36 43 67 216 247 342 350 471 473 509 527 601 661 709 753 774 800 808 828 874 879 904 998
12 15 48 66 75 107 117 119 137 154 155 201 293 353 374 490 557 571 622 628 791 806 848 850 873 970
35 66 72 85 221 261 339 403 442 449 481 524 599 623 634 677 693 696 732 756 800 930
79 142 147 150 217 219 300 303 307 324 423 439 444 477 571 668 720 790 808 826 909 937 954 961 993
61 73 119 146 155 209 293 335 437 442 481 540 625 699 738 813 819 830 831 874 973
11 25 42 63 83 93 180 190 231 236 274 410 418 532 571 647 648 673 710 755 782 799 874 891 981 996
5 62 101 119 145 222 326 400 412 420 442 472 519 542 553 571 595 667 722 737 807 826 863 874 896 925
24 117 147 163 182 209 221 246 402 477 487 501 569 683 705 709 852 933 955
35 39 60 61 129 148 153 204 209 219 238 240 281 318 319 324 327 374 404 444 466 495 527 531 549 559 601 648 692 732 852 938 989 994 996
9 68 108 123 127 154 192 201 221 387 444 481 601 647 648 721 753 868 884 900 902 930 948 950 990
36 38 69 73 93 247 266 293 423 440 560 604 616 690 737 745 753 813 820 852 877 904 953
7 35 60 62 89 127 154 219 245 248 268 280 281 377 387 500 603 644 675 682 720 733 863 871 884 894 938 942 946 963 988
8 47 94 124 136 145 491 519 670 744 782 827 859 894 973 976 996
36 39 55 146 213 214 271 289 402 410 432 471 517 562 578 599 607 666 724 784 800 838 987 995
43 53 107 119 139 159 162 188 192 233 240 299 380 415 429 446 619 622 629 631 782 873 889 961
9 17 28 38 43 160 219 238 328 366 432 442 530 555 576 578 583 595 626 652 734 738 790 815 855
14 66 87 102 163 190 192 274 325 341 377 495 518 534 541 559 628 662 669 697 756 817 867 876 879 902
14 40 68 143 307 338 423 472 509 595 623 682 709 744 748 835 852 885 893 938 950 974
7 39 118 274 390 409 427 432 483 490 518 519 571 656 832 898 915
36 124 186 201 221 228 254 306 364 378 416 500 517 587 592 619 682 699 722 806 812 813 827 874 913 946 950 991
50 79 137 140 293 300 307 318 359 444 477 492 543 572 607 668 682 694 707 720 868 909 913 926 934 949 959 961 992
49 62 81 107 116 127 173 230 258 404 430 437 482 559 590 647 674 707 772 785 807 868 873 899 903 914
9 39 52 104 163 247 318 322 360 405 416 432 472 518 521 536 538 542 601 613 669 729 800 831 837 852 907 956
17 70 86 132 195 233 316 328 331 335 382 416 460 471 480 518 553 608 614 624 644 656 668 709 720 722 798 812 825 827 832 863 870 891 992
21 51 52 87 119 132 229 289 322 347 361 371 374 398 539 592 678 723 729 769 780 842 901 912 917 994
69 71 102 188 204 210 274 374 423 439 447 480 546 559 610 627 648 673 907 929 946 962 966 988 998
40 71 100 130 215 403 477 497 592 601 611 662 806 840 844 925 963 994
4 38 43 104 135 208 222 246 299 316 324 325 360 405 416 430 490 592 599 607 669 695 720 721 764 808 836 876 879 893 901 988
13 48 119 135 170 208 246 369 477 559 594 613 619 710 782 959
0 63 85 106 132 234 294 474 493 559 571 619 626 637 650 656 722 729 798 803 889 955
7 48 92 123 124 146 154 318 322 324 395 402 473 482 575 592 601 607 614 615 622 642 652 706 806 948
8 33 51 66 94 154 159 173 231 233 332 534 561 608 697 707 709 733 829 863 891 931 936 949 963 992
16 51 61 179 350 371 412 418 446 497 521 652 669 717 804 815 825 827 873 931 934 939 996
8 12 47 49 124 212 259 274 437 552 568 592 699 700 753 780 812 825 829 927
6 9 11 43 100 125 139 187 205 261 277 284 378 381 420 442 449 571 577 593 625 693 716 794 867 903 930 931 961 981 994
62 71 81 119 209 219 222 247 360 439 459 545 546 572 629 706 722 800 803 815 838 908 988
87 91 97 123 144 281 318 395 443 444 587 595 622 673 794 807 814 815 830 870 873 899
22 38 132 157 548 570 607 612 683 712 738 767 892 924 973 990
12 142 214 318 325 432 440 471 544 564 601 628 837 942 966 970
194 221 259 293 370 521 531 545 571 666 721 800 827 944 950 963
47 86 128 163 192 214 222 335 339 375 476 495 509 544 631 673 683 807 832 964
21 52 78 140 147 213 229 238 257 288 293 306 339 351 374 409 603 683 722 737 772 813 840 863 948 963 981
0 17 28 47 95 140 160 193 238 274 364 368 369 371 377 399 444 459 531 584 589 593 603 620 648 721 722 766 799 800 808 811 827 885 924 994
59 63 69 183 214 238 248 306 338 353 357 368 399 459 488 509 510 545 673 707 767 897 948 992
38 83 136 137 188 201 222 248 253 293 400 404 437 442 515 589 658 682 721 734 764 800 807 821 969
48 62 85 146 219 281 293 439 456 490 553 554 673 750 753 806 905
21 33 73 77 142 147 169 238 274 316 482 571 595 668 831 903 914 915 925
34 50 60 87 124 127 166 170 240 381 416 419 441 456 487 501 516 599 613 620 750 756 801 818 832 973 988
39 51 192 195 209 258 279 293 299 344 415 416 429 432 481 553 592 604 624 647 707 737 783 817 820 885 901 939 981
8 47 63 68 85 221 233 246 259 374 402 474 476 485 486 488 544 546 604 607 673 704 707 733 753 807 820 875 879 915 949
17 57 151 209 234 293 316 360 432 493 553 570 601 644 690 718 782 832 891 992
14 42 51 70 104 124 154 205 208 209 231 326 366 395 414 415 419 432 446 465 518 572 613 740 813 838 868 946 981 990
0 20 28 117 170 188 236 246 248 309 326 360 374 375 412 421 532 545 570 592 613 639 803 881 902 966 973
47 142 151 318 324 400 403 447 456 545 570 623 676 692 815 829 859 861 867 905 934 994
173 183 202 230 284 335 402 447 501 578 629 669 707 730 825 829 934 946 988
38 40 86 112 245 247 360 402 432 492 501 536 558 564 592 604 620 660 682 808 844 908
20 27 86 107 241 416 438 447 472 488 497 634 769 813 868 912 952 969 981 986
29 93 166 168 194 195 215 221 370 399 432 472 521 537 563 578 648 732 743 769 874 878 914 926 936
60 73 124 190 240 306 395 416 440 486 555 561 611 679 709 721 737 743 756 769 782 790 867 877 902
63 69 81 168 234 326 337 412 422 520 524 571 579 640 666 758 807 907 909 925
29 49 214 274 300 324 329 369 442 485 524 577 667 709 713 722 723 729 735 776 781 902 903
12 117 140 182 197 210 238 261 306 317 318 377 477 480 482 575 669 688 717 724 751 847 925 962 992 995
29 38 63 86 140 207 245 271 274 357 432 445 484 497 507 549 591 644 673 690 709 733 781 783 815 863 912 946 961
83 119 133 179 201 219 253 342 442 518 554 557 686 730 807 902
48 60 61 62 73 124 220 221 240 377 416 442 446 565 613 673 687 747 764 778 808 831 874 878 879 996
17 23 63 89 127 155 201 231 247 325 326 357 387 403 474 502 507 518 541 543 558 592 595 607 709 863 875 891 915 962
123 139 163 277 293 337 446 500 514 545 577 589 656 715 861 874 886 907 938 962 965
8 28 99 102 127 139 190 194 222 238 266 277 293 299 325 374 377 399 462 472 486 495 502 504 521 524 542 553 624 694 703 709 721 790 800 820 829 981
53 87 123 127 145 160 179 183 191 222 281 283 316 333 444 541 543 547 569 583 606 629 674 722 743 790 800 874 926 946 959 966 992
43 61 70 119 124 142 173 192 403 425 442 471 493 523 601 623 644 731 738 745 761 764 840 896 946 996
28 38 107 190 222 231 328 405 578 595 603 607 625 629 650 656 671 740 831 837 852 874 891 901 938 942 988
11 12 28 51 83 93 221 281 350 363 395 437 548 550 575 576 592 595 612 624 662 667 709 800 807 917 925 959 986
39 61 142 190 258 281 299 306 319 340 371 405 486 592 604 610 692 707 790 795 797 877
29 39 87 139 155 300 336 381 397 414 416 444 487 496 567 601 628 722 744 756 800 836 877 893 946
14 20 63 85 96 118 140 190 220 358 368 412 480 555 571 644 722 732 757 815 833 859 885
49 62 127 148 233 275 374 439 553 574 617 627 676 733 751 772 784 790 794 852 879 912 994
45 48 78 83 157 167 197 387 405 437 439 497 518 526 527 549 631 638 731 904 931 995
12 73 83 127 238 325 336 395 425 446 527 530 559 709 780 808 809 832 847 863 891 925 933 944
7 19 33 42 51 69 106 117 119 154 236 238 247 306 456 520 532 539 569 604 648 764 778 883 904 924 931 963
25 48 93 137 148 201 217 221 234 266 293 352 440 540 592 720 744 858 937 981 999
127 178 283 289 399 403 439 486 524 699 707 764 806 807 813 876 877 894 925 938 988
12 93 127 137 221 241 259 402 485 523 527 574 704 737 753 804 827 851 873 881 908 962 990
39 43 147 179 192 318 339 377 456 487 529 540 601 656 679 682 707 721 753 815 910 976 990
39 43 71 123 132 145 182 271 292 293 368 397 599 604 651 668 709 721 782 808 829 904 909 970
123 124 142 167 306 331 437 443 456 462 471 540 558 613 628 666 705 770 786 826 845 884 909 998
10 25 229 274 359 374 473 584 707 837 938 992 994
5 21 26 28 125 182 204 279 291 293 405 432 442 484 490 713 737 767 811 894 903 925 927 934
3 28 238 248 260 293 300 353 429 444 488 510 543 553 577 601 619 623 707 721 767 806 840 874 897 948 959 992
26 90 101 108 119 127 139 160 193 277 311 314 346 360 368 400 460 511 521 522 541 612 644 647 668 670 799 849 871 891 904 963
17 83 87 197 240 246 293 319 350 433 437 456 471 524 543 558 575 592 601 613 669 686 687 722 730 786 800 807 826 829 885 907 931
4 28 71 124 127 142 238 284 319 377 397 403 497 546 553 606 607 618 631 638 729 747 896
29 33 59 68 119 293 400 412 442 485 486 490 571 675 747 844 860 909 914 990
38 51 146 150 178 209 219 246 306 307 321 352 364 405 420 441 443 528 561 566 568 662 709 732 799 813 973
63 72 81 152 153 170 274 286 304 405 442 463 531 545 642 673 734 837 863 864 884
25 81 124 175 198 216 221 229 274 286 316 371 397 405 485 497 523 526 529 549 553 575 586 638 642 663 743 803 871 909 994
28 31 52 95 112 121 124 150 221 222 248 299 336 471 490 565 601 611 738 743 746 799 804 960 962 981
109 231 285 322 412 418 448 467 558 559 571 601 603 688 709 772 859 903
63 66 80 127 145 169 238 357 377 387 403 472 495 540 541 543 558 567 572 592 595 673 738 756 827 863 905 931 942 954 988
16 21 26 71 89 99 126 128 157 231 330 338 478 565 601 607 613 623 638 709 716 767 778 821 909 993
73 99 132 146 191 246 449 478 501 545 547 553 559 582 601 634 767 885 986 990
12 61 69 119 197 198 215 266 281 283 335 336 344 354 368 428 455 480 509 520 521 634 638 697 764 782 800 808 871 925 990
69 118 146 170 222 298 325 371 375 442 631 690 709 717 723 761 799 815 832 873 930
35 47 72 127 190 219 222 240 248 272 295 375 377 382 403 487 575 586 595 623 628 631 696 704 710 733 778 782 791 808 832 871 884 961
62 63 136 209 289 293 300 360 377 412 447 497 514 523 541 547 553 559 619 628 674 778 808 864 911 930 952 981 996
11 19 36 47 61 147 168 174 209 306 477 553 634 648 656 669 670 675 682 722 773 799 806 871 976 988 994
3 68 89 101 142 149 231 336 381 432 555 571 764 809 821 837 855 903
8 68 99 134 140 150 201 214 222 233 266 281 293 353 389 399 404 437 472 543 560 625 718 729 813 835 934 963 981
72 83 246 277 331 374 403 545 592 667 687 697 707 720 801 829 832 884 949 991
132 139 186 236 247 248 326 335 336 360 400 412 437 450 481 490 520 553 657 675 715 730 800 808 815 840 863 868 874 931 946 999
61 80 87 115 123 127 181 190 201 209 330 340 378 459 472 514 592 603 610 656 707 790 914 946 996
28 68 150 191 233 284 287 300 403 482 493 501 502 523 546 624 718 729 782 799 800 808 813 848 891
38 60 137 168 170 221 246 263 280 338 385 404 427 522 610 631 669 679 732 733 809 829 868 876 973 990
3 15 38 61 87 126 148 155 157 172 199 201 293 409 531 644 647 721 735 764 778 783 813 829 856 904 908 934 938 954 993
9 28 39 43 55 93 94 118 147 213 222 249 266 306 325 336 372 416 423 430 545 572 623 670 706 721 738 869 934 949 959
39 51 116 127 128 145 221 266 318 330 334 420 436 456 673 722 759 806 832 886 894 904 958 961 963 992 998
34 36 76 87 101 247 274 294 374 453 486 493 502 509 518 577 634 729 806 830 871
17 287 400 444 469 497 511 534 585 592 595 628 643 782 870 884
17 38 87 217 248 374 422 438 461 482 542 557 599 677 683 722 771 790 800 806 842 902
21 71 87 118 203 209 252 272 297 381 414 418 432 453 463 472 478 521 561 583 613 687 690 753 767 863 871 876 894 929 943 962 994
8 123 148 179 236 377 395 416 437 470 473 519 559 607 619 625 631 798 817 843 904 925 963 994 996
28 48 50 62 73 86 154 155 221 331 490 545 553 558 613 674 743 778 781 825 903 917 994 996
19 70 192 215 222 233 273 322 423 428 472 542 722 790 800 807 894 907 909
0 11 23 95 140 160 178 238 274 371 378 439 444 511 523 527 561 566 613 647 707 766 861 962 994
19 42 51 68 97 101 118 139 144 150 163 289 318 371 383 415 512 595 601 622 679 738 845 870 981 994
4 19 106 120 124 132 160 215 231 250 259 339 433 472 493 511 595 599 620 662 744 840 852 868 894 981
14 24 62 67 116 117 144 147 182 257 281 325 326 334 338 346 364 371 401 456 486 539 569 676 707 721 764 855 863 907 908 914 955 966
29 77 126 189 246 346 378 432 472 500 521 542 545 552 571 592 667 734 764 767 855 899 903 913 925 963 991
83 86 108 123 147 209 241 248 397 402 414 463 540 543 584 598 666 722 961 966 981
43 63 83 139 161 168 238 246 297 325 334 366 371 374 383 415 459 486 584 604 661 668 687 809 829 852 888 912 981
4 102 115 140 142 147 234 286 318 325 371 377 385 497 592 806 812 827 863 867 874 974
40 47 49 91 103 124 129 132 197 208 248 281 282 346 377 416 455 456 471 472 480 482 555 666 729 739 795 800 851 884 914 946 981 983 988
36 38 57 118 119 255 599 624 640 652 669 673 687 784 817 825 827 849 881 953
43 162 188 199 217 238 247 274 281 282 313 319 348 395 444 529 545 604 629 662 668 699 783 829 888 894 943
33 36 52 63 129 142 147 274 371 459 472 482 682 807 808 831 877 884 914 923 989
3 11 14 20 51 52 62 63 69 81 117 118 144 155 162 274 281 322 325 339 414 493 509 520 729 735 740 778 798 811 821 828 832 853 870 883 930 938 994
19 62 67 70 109 121 127 155 189 207 215 289 360 403 517 518 565 571 592 607 628 640 678 679 707 738 764 767 790 834 868 894 912
61 69 164 167 201 266 319 432 472 484 490 493 495 502 509 686 697 699 737 743 840 874 892 933
202 222 300 446 465 510 606 629 674 709 764 765 798 805 829 874 934 939
1 3 14 48 90 119 129 147 148 154 163 166 266 284 299 305 327 360 400 420 435 437 471 478 500 538 559 628 667 669 706 709 720 729 737 790 815 873 925
9 167 234 266 277 402 430 480 521 554 568 595 662 778 799 831 994
121 124 135 185 197 255 316 339 425 485 530 548 550 558 592 669 719 812 837 879 917 931 981 986
38 43 88 216 222 289 319 369 374 403 405 422 432 435 444 490 676 699 707 722 783 797 863 894 907 917 994
85 93 145 155 184 318 364 412 480 510 527 571 586 613 643 647 693 782 905 959
8 50 85 231 322 335 364 402 405 447 496 544 569 578 625 673 677 753 873 877 883 910 929 954 987 999
61 66 72 100 230 277 404 782 800 818 879 900 926 936
9 28 69 116 117 154 163 178 188 281 399 416 430 442 487 491 493 500 534 540 543 546 559 607 613 624 631 662 674 682 692 707 713 721 727 729 763 820 839 840 903 925 948
3 4 38 48 89 119 154 210 217 221 222 240 247 306 325 377 415 416 437 490 534 553 724 791 803 825 845 858 889 955 961 973
85 148 188 261 274 280 353 397 425 439 521 622 625 636 902
94 136 170 242 246 330 357 491 502 524 631 634 683 704 744 751 756 820 852 983 996
47 67 146 163 243 272 300 318 387 400 465 485 502 520 547 555 571 606 625 640 666 675 689 721 811 829 844 854 905 964 981
9 95 192 207 491 495 521 545 571 589 667 674 697 732 790 800 809 883 914 925 934 938 964 996
51 62 200 242 307 351 443 456 495 509 567 574 578 592 675 676 820 821 973
18 29 172 182 221 249 281 289 416 442 506 531 541 601 668 682 783 820 845 855 907 950 971 973 990
3 5 12 36 39 86 124 198 215 242 277 291 300 423 473 521 562 566 647 700 709 732 806 813 927
24 33 38 42 50 66 170 189 202 207 246 382 405 432 507 532 583 625 648 707 902 909 925 926 934 951
34 81 85 121 127 146 167 168 284 335 432 447 453 531 554 571 578 609 709 721 730 753 806 903 927 946 959 973 989
21 88 108 123 168 183 190 241 274 317 360 378 494 501 511 545 561 584 653 861 933 952 962
127 132 145 203 209 297 402 405 429 441 442 445 480 553 557 583 687 741 769 837 857 876 912 929 941 988
48 68 69 146 151 154 200 209 221 222 298 383 402 442 495 501 523 624 682 690 708 729 799 800 831 904 921 993
36 39 89 154 242 247 274 306 412 437 502 545 552 559 571 578 592 628 663 667 709 733 734 764 769 782 827 884 899 961
27 68 83 147 166 209 233 314 330 344 417 436 455 486 495 571 601 607 672 707 782 814 831 886 955 992
12 36 51 83 89 129 132 193 205 221 321 329 363 437 550 576 592 624 629 667 706 709 716 729 756 767 776 827 839 858 874 879 893 934 937 963
71 102 152 206 217 221 289 374 432 442 487 492 509 532 554 599 709 903 947 958 988 993 999
38 39 42 48 50 91 189 227 293 319 336 543 550 607 662 714 718 753 871 885 891 981
28 63 93 252 293 326 332 362 409 413 429 483 501 507 601 624 699 721 815 817 820 879 886 902 924 973
28 29 60 93 104 152 159 169 179 254 316 336 412 472 539 629 651 730 849 874 914 992
3 62 67 111 214 326 348 360 448 451 487 488 523 813 863 868 966
36 52 87 119 150 322 339 351 371 404 431 442 500 678 682 686 772 938 962 988 992
3 8 40 90 101 117 124 132 187 212 222 223 255 318 400 518 595 679 690 771 790 807 808 813 822 842 845 858 902 950
85 124 131 188 242 330 331 410 425 592 609 676 683 709 756 809 820 868 871 903 973 992
28 40 51 85 93 123 127 144 195 286 300 316 352 356 387 397 486 553 592 673 682 721 742 748 764 769 813 874 877 904 996
7 62 85 87 117 119 132 145 166 192 193 231 238 247 295 318 319 360 403 416 420 442 444 492 509 584 595 656 699 718 855 867 873 925 986
17 38 60 118 241 259 267 271 300 374 375 432 445 488 558 561 576 592 662 667 707 767 889 946 961 962 994
21 31 35 38 51 117 123 189 233 259 350 414 429 453 464 504 558 586 592 644 652 666 688 721 722 764 780 782 854 874 894 903 999
0 68 69 116 117 123 154 159 173 281 316 405 416 463 497 526 638 666 782 829 951 963 995
25 28 71 76 119 127 142 182 227 233 287 289 306 318 339 340 344 399 414 418 420 463 466 493 494 518 538 546 601 613 618 647 667 705 806 827 837 973 992 997
43 106 127 140 146 184 248 285 289 354 439 442 529 592 595 603 606 610 625 678 697 750 758 807 913 916 990 994
3 100 143 299 464 496 500 531 589 595 670 679 690 733 769 806 896 927 964
13 38 127 132 187 189 208 212 219 222 377 389 416 461 472 495 547 567 674 696 730 790 827 890 931
0 5 17 28 38 42 60 74 83 147 188 200 240 344 387 416 482 545 592 639 676 771 790 800 808 863 946
69 87 99 195 209 217 221 259 261 283 432 438 465 478 487 553 601 657 662 709 752 753 756 767 855 886 962 973
8 12 173 179 222 285 340 432 442 515 519 536 544 607 608 612 628 699 778 925
39 133 146 169 198 214 221 222 277 281 287 291 293 331 399 517 646 663 707 720 778 943 991
19 26 50 148 154 170 199 246 316 327 330 348 436 491 511 631 662 716 722 769 821 909 925 926 992
116 132 174 205 266 318 319 368 405 512 528 538 553 572 611 710 724 727 741 764 806 840 913 915 955 992 998
24 62 86 106 209 248 289 333 338 350 412 486 490 497 637 796 837 879 891 959
19 36 51 67 69 78 123 231 247 348 402 416 419 461 471 481 493 495 539 543 553 577 592 598 690 832 925 953 964
50 89 229 233 252 326 344 364 404 414 422 478 571 601 673 675 743 807 822 925 938 954 996
33 291 316 326 402 491 524 634 656 699 767 925 962
38 154 221 259 328 402 471 485 531 545 704 709 752 773 783 849 850 908 966
74 83 87 123 132 146 163 236 272 306 326 348 353 360 382 414 493 612 618 682 709 737 745 790 799 800 832 894 955 989
161 168 297 497 502 578 584 627 709 764 981
46 61 69 85 135 161 315 325 397 510 518 545 549 559 629 656 675 716 772 798
3 116 118 215 278 281 325 364 424 486 571 572 607 740 783 806 826 827 828 855 870 917 941 950 951 988
40 61 87 102 221 233 248 327 446 514 592 631 673 681 738 756 852 859 871 883 925
10 40 87 123 137 159 163 217 227 228 259 293 325 348 367 377 385 416 470 545 592 613 729 742 744 773 797 803 931
60 67 68 88 137 153 319 360 416 444 493 601 631 669 674 703 789 870 901 973
99 112 163 192 212 241 246 344 374 395 454 461 472 478 480 486 592 601 603 613 629 631 658 732 737 764 767 813 840 931 961 994
7 11 51 61 87 132 152 155 255 359 360 364 371 374 405 439 490 566 628 707 743 759 781 782 798 800 805 806 835 849 859 931 941 966 994
7 13 14 33 69 73 106 135 147 201 261 289 403 447 520 524 595 601 615 656 670 707 723 782 800 870 992 994
78 108 124 143 246 266 281 287 293 318 350 360 402 438 494 571 612 656 722 808 813 874 886 966 981
148 150 154 201 221 293 339 350 412 444 545 577 592 594 601 613 617 703 730 800 826 876 907 916 954
61 100 112 118 129 178 209 238 299 302 374 444 549 552 557 586 601 624 709 710 729 743 800 901 924 989 998
55 69 87 92 100 107 237 241 255 289 322 360 371 402 432 524 539 571 592 622 625 652 684 732 783 800 806 837 907 950 961 963
14 34 51 63 66 176 281 307 353 370 375 399 416 432 440 471 477 488 571 603 654 656 794 847 855 941
160 188 255 316 422 454 492 519 542 553 648 722 842 902 962
28 55 109 255 281 293 300 319 353 395 404 455 462 493 524 592 622 628 699 782 827 849 907 909 912 925 966 973
7 28 48 119 123 203 333 338 353 510 703 809 818 893 938 948 953
10 38 40 137 217 259 263 293 306 325 367 405 470 471 503 545 742 773 815 827 881 962
11 36 146 154 198 221 247 272 300 306 326 399 432 456 646 647 674 802 809 827 901 904
8 107 300 380 409 415 429 592 629 772 834 871 894 912 941 973
18 111 117 135 154 171 247 300 325 353 391 405 411 471 497 549 550 638 670 721 807 812 871 894
62 69 145 192 238 242 247 338 341 389 538 559 683 734 737 756 930 973
15 69 93 94 108 127 148 182 190 240 326 330 331 390 409 423 444 456 472 540 592 611 642 662 710 737 798 877 890 904 908 953
43 49 68 85 112 135 148 197 198 229 246 282 283 336 344 371 397 423 455 546 649 723 753 782 813 827 835 879 890 894 902 915 988
42 90 95 247 299 306 335 409 428 471 571 601 644 740 790 838 894 985
17 57 61 130 255 360 482 541 548 582 591 624 628 640 673 759 778 817 858 884 907 959 962 981
78 80 127 155 201 203 209 221 240 267 285 297 402 439 442 456 571 662 687 706 715 732 807 820 871 874 876 929 990
29 39 123 142 246 471 472 493 553 577 592 601 619 628 631 682 721 732 753 761 795 796 807 815 824 921 925 931 988 992 995
28 61 100 107 209 221 274 404 418 432 478 487 546 561 578 613 709 782 800 806 900 987 988
8 9 36 104 123 155 159 168 314 326 339 395 419 491 530 538 545 578 592 598 616 699 709 715 718 722 733 754 755 764 772 781 795 806 908 909
73 148 195 238 326 329 368 403 430 553 721 731 737 740 813 828 847 902 946
8 11 21 101 154 215 402 416 553 583 592 729 753 827 879
3 86 127 148 209 238 241 277 282 297 324 439 446 541 545 568 687 733 743 786 871 876 929 952 954 981 993
1 59 68 89 120 273 319 472 521 533 622 674 715 765 863 871 879 910 924
12 61 62 83 146 221 238 336 339 360 363 387 413 432 437 464 514 576 624 662 705 709 783 832
36 63 80 89 277 472 511 561 592 622 709 710 732 737 833 877 885 891 939 992
5 29 123 164 219 231 350 360 415 432 437 472 558 592 682 778 806 870 871
16 18 20 45 63 78 80 117 118 128 150 154 375 425 439 482 490 492 517 530 532 553 568 590 667 679 682 771 808 817 877 881 964
14 47 69 71 81 100 130 146 170 217 237 274 318 326 400 416 440 462 490 589 601 613 622 647 703 707 740 798 800 945 946 959
137 163 238 259 320 324 377 384 509 524 719 729 744 747 806 840 902 931
17 62 63 71 83 97 111 118 147 238 286 290 325 335 360 398 403 425 432 571 574 592 638 671 676 682 707 747 806 812 828 930 955 974
28 34 102 121 147 159 233 238 327 403 416 447 456 477 518 544 571 577 646 681 734 738 878 883 934 941 961 994
138 189 219 390 405 409 459 527 599 613 619 668 722 729 740 829 835 924 934 951
40 132 145 187 188 238 247 274 281 306 348 395 413 471 493 545 553 558 604 626 629 650 888 961
36 49 69 81 130 215 316 427 592 598 649 666 709 827 870 879 890 901 902 915 963 994
11 79 147 182 221 248 337 472 485 490 511 523 584 592 645 709 778 855 860 877 879 880 906 907
68 85 106 127 146 163 167 202 234 318 350 374 387 395 494 571 607 625 631 656 815 905 909 959
36 50 219 233 326 420 422 501 510 524 599 612 669 712 743 807 826 988
48 93 147 155 215 283 360 459 484 524 647 815 835 952 998
45 49 86 90 209 228 322 324 360 385 487 492 523 543 546 553 590 592 613 631 647 676 732 803 931 963
36 135 163 170 209 287 289 477 613 653 795 800 820 835 941 959
43 49 62 87 124 154 222 258 329 360 368 403 404 520 558 603 667 668 674 729 764 767 877 914 988
8 43 66 73 86 95 100 123 148 161 168 171 192 215 227 289 297 400 403 426 521 529 584 592 603 627 676 737 778 796 800 889 950 951 961 981 994
4 12 83 117 138 169 209 234 318 331 364 387 480 610 612 623 628 657 740 773 800 821 901 908 925 930 998
19 28 35 104 140 179 185 277 281 337 399 472 485 487 539 545 595 624 644 682 730 750 778 780 808 828 832 859 966 992
9 11 50 52 107 182 197 233 326 400 416 422 425 439 444 484 490 502 518 530 584 636 674 690 737 743 756 807 828 830 855 860 907 909 924 931
39 40 48 88 107 118 268 413 428 439 471 520 538 545 547 570 592 601 674 782 832 890 941 961 970 986
28 48 107 154 209 231 277 299 368 388 449 464 472 497 578 723 797 806 895 910 981 987 994
61 85 90 100 127 209 275 368 404 455 546 619 709 782 800 807 900 902 917 926 988
35 69 73 93 128 371 409 511 521 527 594 668 705 707 717 764 815 818 870 873 894
38 60 203 419 554 607 613 764 798 828
29 62 182 429 442 477 506 524 558 622 682 806 820 845 902 998
7 21 93 125 127 147 152 217 218 238 302 395 410 497 519 529 559 571 584 601 611 612 683 753 782 908 929 931 959 978 981 993
63 121 229 293 344 403 414 478 520 601 629 640 675 737 767 822 873
12 63 117 127 152 192 273 318 387 400 432 456 480 509 527 532 670 683 743 878 955 961 962
18 63 83 118 137 145 148 246 258 306 360 471 490 497 500 514 553 558 575 584 612 687 829 905 911
140 160 163 166 432 472 521 649 732
23 140 145 148 159 171 188 222 236 377 400 490 521 539 547 583 690 827 877 908 909
42 443 444 471 553 612 644 720 722 790 813 820 838 857 907 912 937 939 974 995
14 20 23 71 135 146 168 169 192 203 216 336 395 412 437 440 460 461 480 666 668 683 688 714 722 753 789 828 840 867 868 925 985
49 61 62 69 144 184 289 315 399 442 510 561 601 607 649 674 729 798 879 890 902 915 959 961 988
43 117 146 163 166 223 238 241 274 291 293 387 416 538 546 571 601 605 709 750 781 859 905 907 917 925 945 946 950 994
63 66 87 154 175 187 222 231 260 378 389 421 423 527 553 589 592 746 770 827 978 981 988
7 35 102 127 140 172 221 318 377 427 459 607 656 809 827 874
0 5 9 21 38 61 62 69 74 87 100 125 146 204 209 234 279 289 336 432 490 499 545 575 601 613 687 767 769 908 925 962 992
9 12 319 344 384 401 446 486 519 559 797 840 867 879 933 989 996
51 173 266 292 318 319 321 360 397 416 462 490 553 652 684 839 875 892 907
8 12 17 48 60 62 67 142 150 154 178 238 283 307 371 399 402 423 456 543 558 571 604 610 624 641 677 743 744 771 786 806 826 856 868 889 904 938 963 994
23 43 62 66 85 139 258 352 371 395 440 507 612 649 668 682 694 705 709 716 721 914 963 992
3 7 9 71 87 116 123 124 154 159 217 222 259 300 404 419 430 477 520 558 559 613 767 773 874 915
18 36 38 123 124 132 185 209 214 240 369 374 398 481 586 612 644 686 707 740 781 795 803 831 875 883 888 932 943
36 42 78 90 99 283 387 399 432 435 438 478 480 601 613 703 767 769 775 782 808 826 829 876 961 999
20 100 112 120 123 212 218 248 281 318 326 375 485 491 540 652 656 668 686 764 789 800 855 903 962
8 21 42 63 73 85 132 148 168 173 195 222 298 329 344 430 470 480 501 517 575 578 613 761 769 847 941 988
43 55 62 132 170 248 403 518 527 571 592 674 735 815 827 905 996
25 85 108 119 344 388 412 446 492 524 586 601 696 709 733 868 931 941
38 85 119 143 144 188 229 269 274 307 357 374 377 442 493 561 601 682 707 743 891 908 914 972
11 51 72 142 154 217 334 350 403 497 521 554 582 584 647 715 744 827 908 960 990 992 993
34 87 99 106 212 265 293 318 374 445 473 478 521 584 592 594 595 634 641 656 720 785 832 837 903 907 961
59 83 88 119 124 144 221 293 378 382 387 399 414 437 566 576 667 705 784 795 827 896 986 991
33 93 109 112 118 182 374 400 469 483 495 575 586 592 709 710 738 786
9 36 214 222 240 293 314 364 377 451 456 521 541 553 559 598 599 603 662 673 721 753 780 800 807 979
21 29 47 77 104 123 154 191 217 238 319 334 353 377 571 756 781 903 915 930 956
17 33 48 63 100 140 155 157 163 172 178 188 190 246 247 272 320 325 333 375 412 480 589 670 709 751 755 784 794 876 893 946
33 66 101 127 139 147 176 188 221 238 248 280 307 325 328 368 377 416 436 441 472 502 529 608 625 656 666 667 690 709 754 809 985
8 20 27 68 78 120 200 271 312 336 399 428 493 495 561 569 570 601 636 664 703 770 782 800 813 868 874 903 912 925 962 981
63 154 209 234 247 306 309 320 321 326 374 375 412 432 463 612 686 711 729 738 754 815 827 902 966
12 61 137 289 291 302 318 402 461 477 480 486 510 561 637 664 743 800 813 815 850 891 942 963 981
10 23 155 163 188 299 306 325 364 380 442 444 472 482 528 531 568 624 756 828 874 878 889 946 959 988
3 20 25 41 69 234 316 423 432 439 509 718 811 831
106 118 201 336 374 427 484 545 601 629 721 858 950 967
90 93 132 179 193 300 321 409 412 533 543 563 592 748 769 772 834 871 914 973
119 127 147 210 238 248 274 281 289 309 318 325 399 456 459 480 558 559 592 601 656 676 692 722 729 764 828 855 983
11 21 39 61 72 93 100 101 138 222 241 303 338 348 416 428 502 592 628 665 688 719 729 753 824 863 894 931 946 989
14 97 104 148 188 192 330 374 440 442 470 493 495 518 553 555 578 603 647 683 722 737 740 750 756 764 773 782 802 827 868 926 994
95 104 147 159 284 308 335 344 353 377 403 444 447 578 675 699 709 733 797 827 946 959 992
36 50 61 69 124 129 238 266 326 374 403 409 444 487 507 536 547 571 673 707 756 764 772 852 867 954 989
26 148 172 221 222 231 277 289 368 436 442 456 487 516 553 585 604 612 656 707 709 729 740 849 878 895 925 926 978 988
81 112 114 117 124 132 155 224 233 246 293 377 432 454 472 487 525 529 539 545 561 592 658 709 732 772 790 808 842 890 904 908 929 953 988
33 39 63 100 142 147 173 258 274 331 391 461 482 501 517 553 570 575 578 595 616 634 658 674 809 825 830 831 852 903 909 917 994
9 20 36 117 198 209 216 221 289 336 395 444 492 532 578 592 599 623 629 721 780 803 812 881 903 990
71 78 87 140 159 217 243 354 374 405 430 451 480 559 610 620 689 717 721 743 837 895 915 959 981
12 119 192 284 291 395 404 412 432 472 528 543 586 595 612 631 634 668 699 709 807 820 837 858 876 925 938 964 981
15 38 39 91 132 155 246 279 299 306 319 324 364 387 416 480 500 521 559 603 604 618 676 734 797 803 902 931 981
26 38 108 138 163 231 259 277 314 346 371 405 432 470 471 545 604 682 732 753 849 854 904 906 973 981 996
38 39 63 71 86 102 220 238 248 335 350 357 358 553 648 800 896 961 991
62 78 142 330 405 437 442 445 553 557 558 592 647 697 716 806 828 879 903 904 988 993
8 17 33 118 233 353 360 402 536 559 652 707 733 807 908 949 966
14 43 66 109 112 118 146 163 168 197 274 353 404 412 420 432 456 518 558 561 586 589 611 649 709 710 758 786 805 826 902 903 974
52 127 137 222 235 261 391 425 459 571 613 656 675 678 799 828 889 913 959 960 962
36 39 43 68 178 219 247 255 294 359 374 381 443 453 487 490 502 514 623 643 693 712 830
67 119 300 388 524 592 595 603 709 815 915 941 963 973
14 21 80 93 119 222 319 493 502 529 612 667 670 722 732 737 751 789 794 840 860 870 902 903 942 946 962 963 989 991
12 40 143 179 446 462 482 490 495 563 586 589 595 641 676 738 769 803 846 874 891 914 933 941 964 969 981 988
11 17 67 285 374 400 442 444 469 527 571 575 601 619 738 740 752 780 786 807 808 891 925 989 990 992 994 996 998
25 132 169 187 219 261 266 289 306 453 459 487 493 506 531 592 626 650 656 673 704 744 757 796 870 894 902 937 961
29 36 39 40 47 66 69 71 81 100 109 147 154 289 339 357 399 403 416 433 477 486 601 611 622 653 806 820 840 859
14 67 80 123 127 169 238 266 322 339 420 501 571 662 709 722 821 845 858 884
12 52 61 115 119 291 322 351 371 419 443 456 471 527 531 538 592 595 599 601 619 622 676 678 684 694 705 718 751 770 772 851 863 881 919 946 998
19 48 70 119 138 215 222 293 357 410 487 531 601 603 613 745 766 771 790 815 826 863 894 948 962
49 69 85 212 229 247 289 293 439 456 480 490 533 541 544 673 730 732 767 812 985
11 81 119 129 222 291 416 486 490 527 595 620 742 874 926
63 97 111 118 132 183 311 319 335 360 405 425 495 543 549 612 624 750 780 947 973
36 63 137 240 279 356 416 422 432 444 456 495 517 545 682 686 699 706 721 722 767 800 829 883 912 938
14 42 44 71 124 205 219 240 377 400 428 460 540 572 579 592 631 670 706 744 752 773 782 798 800 837 870 891 896 962 998
18 33 112 145 169 266 423 443 471 487 521 532 676 688 705 770 813 867 907 974 998
63 68 78 80 86 157 163 186 192 266 286 425 464 471 511 631 675 737 837 879 903 904 952
85 87 108 116 127 155 171 214 242 292 293 325 337 351 368 416 422 573 610 626 756 834 840 847 863 891 998
3 48 51 89 108 123 132 155 387 473 545 553 561 603 753 769 803 806 859 931 955
21 60 63 119 142 146 170 173 215 233 246 257 282 303 306 313 338 371 456 501 575 578 592 603 619 675 725 732 809 898
20 81 106 117 128 145 146 224 277 316 354 436 439 486 501 502 507 529 532 603 619 637 673 678 709 738 748 773 790 800 881 904 908 913 925 958
35 38 63 72 119 144 172 199 221 222 403 423 501 549 595 623 696 722 778 832 894 902 914
17 35 63 137 169 209 222 233 316 331 347 375 412 432 444 472 572 594 603 631 652 690 794 832 870 891 903 931 959
5 33 43 70 131 140 173 192 229 289 398 527 539 544 601 631 675 691 708 782 814 925 946 992
8 63 93 112 221 231 238 318 363 389 406 413 436 453 463 501 517 524 529 536 542 603 615 634 662 667 721 818 886 895 909
38 39 85 160 170 221 222 283 316 338 339 344 377 412 416 427 446 480 481 516 524 586 627 669 732 753 772 803 828 908 925 990 998
62 132 179 217 300 331 369 398 418 497 521 603 626 689 707 720 784 803 808 837 888 917 931 932 996
8 28 69 186 222 293 299 399 463 521 553 612 624 703 709 859
80 103 123 124 157 169 212 266 396 432 491 589 601 612 619 629 644 647 705 713 812 876 955 992
26 48 123 147 167 188 231 289 318 354 359 627 709 733 743 778 828 852 907 908 988
3 94 142 160 210 300 326 342 368 433 442 446 471 493 553 595 623 626 636 647 653 714 729 731 738 747 761 771 778 996
50 51 116 123 246 319 353 387 391 442 446 477 571 572 656 684 827 832 984 988
188 215 227 247 273 281 348 364 395 437 471 565 604 614 629 732 888 908 909
8 38 52 63 68 169 195 215 312 316 331 402 444 446 572 607 673 690 764 800 874 902 959 989
85 146 154 170 209 214 238 243 248 261 306 344 357 519 553 585 592 629 670 689 703 729 826 828 837 950 954 981 991
14 17 86 87 98 119 127 154 197 325 401 444 495 501 545 555 619 707 721 738 748 764 885 907 925 931 943 959
38 43 69 176 248 277 307 353 473 520 521 628 662 723 904
25 36 42 51 66 87 94 141 146 148 150 192 280 281 339 348 388 404 447 472 611 613 673 709 867 941 959 964
34 38 57 112 132 145 169 170 202 246 319 322 432 521 528 532 545 555 571 583 603 653 807 827 877 884 894 913 949 988
51 127 135 163 170 190 228 258 266 342 353 364 382 420 456 477 561 613 722 886 925 941 959
35 36 62 150 154 189 214 405 561 668 874 904 924 934 951 956 963 995
23 90 248 261 371 395 484 553 657 709 714 731 753 782 829 874 904 905 908 909 934 947 973
62 63 69 106 144 187 214 231 238 360 456 490 569 604 699 778 794 873 896 925 931
5 21 33 97 125 137 144 204 279 283 318 416 423 432 444 490 514 518 595 612 622 646 669 734 767 794 824 830 870 925
57 78 119 123 214 289 291 300 316 395 404 430 460 500 534 636 708 817 851 902 925 934 949
25 35 127 336 402 442 486 501 538 606 618 764 799 827 836 868 963 973 988 992 996
39 43 62 76 81 143 184 185 223 307 325 336 377 399 486 501 548 627 647 653 668 674 709 729 789 851 858 874 902 914 921 959 988 993
48 52 60 137 138 147 168 198 221 222 318 360 387 480 513 545 603 668 669 674 747 799 828 863 876 892 960 962 973
33 81 90 137 188 281 339 344 421 493 543 570 616 658 671 715 729 771 811 821 852 909 988
6 8 11 87 100 118 119 139 145 154 299 344 347 348 378 382 420 500 519 571 682 709 753 782 790 876 931 961 991
63 69 100 127 132 169 187 214 353 377 400 471 509 523 592 626 650 656 782 821 863 876 996
116 139 171 202 258 279 357 374 375 399 403 404 416 477 497 544 569 729 795 991 992
40 222 248 353 413 421 422 459 471 542 547 570 613 649 722 723 782 800 803 813 827 842 894 961
3 23 35 43 73 150 188 192 216 222 267 314 316 387 446 447 516 592 603 634 648 673 696 705 737 773 798 803 886 909 915 941 990 994
11 48 89 111 127 133 246 303 369 403 432 436 471 592 594 637 710 747 748 764 773 817 832 912 927 966 993 994
4 34 39 63 116 127 159 173 203 235 247 339 368 416 432 437 485 528 532 534 538 721 727 743 961
9 43 48 89 127 219 234 293 353 387 389 399 484 507 544 549 631 634 676 690 727 903 912 992
36 61 168 248 309 337 351 363 374 375 389 400 402 412 416 443 524 538 539 559 752 782 783 800 902 914 966 990
18 68 99 117 125 147 166 259 260 293 409 422 428 471 478 529 559 592 601 628 707 767 775 815 829 870 876 959
62 93 116 143 176 185 233 289 293 325 336 360 399 422 424 425 529 558 595 627 641 656 682 699 777 976 988
47 205 240 247 331 387 416 424 428 478 487 511 527 553 570 613 629 674 773 778 791 813 827 829 839 903 917 931 934 994
3 11 119 146 176 197 291 373 404 420 612 669 825 946 960
13 17 40 49 71 195 247 403 477 538 541 544 595 601 603 611 694 707 722 812 840 894 914
60 116 117 124 161 163 168 240 297 316 318 354 360 387 416 571 584 612 625 644 647 668 756 905 938 981
0 21 24 40 53 93 107 293 311 322 331 414 439 446 453 460 480 491 576 599 668 699 709 771 800 827 894 909
50 55 70 85 144 238 324 336 509 524 527 584 598 670 709 733 851 881 902 909 946 963
23 31 62 123 144 238 248 387 399 400 404 484 637 684 690 709 737 764 789 835 851 859 874 904 905 908 926 934 995
123 137 163 200 221 227 259 328 385 402 414 416 419 485 510 558 570 631 708 813 814 850 859 877 891 908 911 925
63 83 197 387 402 403 429 439 471 510 542 607 622 663 780 806 834 837 877 880 913 923 989 992
3 87 111 278 351 367 377 398 405 451 487 488 520 523 532 592 656 719 729 737 769 800 806 829 912 992
6 29 38 127 144 170 192 220 222 238 360 423 490 540 552 561 569 572 592 595 667 709 734 750 756 777 837 899 914 973 974
8 38 39 43 117 144 185 222 240 318 495 586 595 623 643 670 781
22 28 140 159 219 231 293 357 412 432 442 480 548 607 611 614 629 681 709 734 778 790 876 908 994
67 104 108 124 125 214 220 221 226 247 322 444 448 483 486 531 546 607 613 830 884 913 944 961
56 144 214 227 238 266 293 300 369 402 440 459 560 604 619 729 732 735 776 786 813 830 859 904 931 951 961 988 996
36 111 117 199 371 495 742 835 859 912 938 941
43 45 73 86 132 191 203 246 360 432 444 544 545 549 592 662 747 817 832 879 909 927
21 38 83 131 179 255 335 350 385 422 463 604 648 704 753 782 800 803 826 981
17 29 35 60 72 127 137 193 221 246 328 403 424 442 474 484 492 495 511 553 591 623 686 696 699 709 782 795 871 874 877 933 963 974
33 38 106 116 119 147 148 178 188 195 259 274 281 353 357 399 403 412 440 471 510 531 545 578 592 599 669 676 738 759 796 820 832 874 889 974 992
29 33 99 198 220 221 227 328 403 432 442 463 474 502 511 571 676 707 767 773 795 871 925 933 963 974
4 40 129 248 259 333 338 344 360 367 390 391 455 520 521 589 598 673 681 789 818 827 837 858 870 893 920 930 961
68 83 124 195 300 353 416 433 444 486 493 527 545 662 675 780 809 844 864 955 984
18 81 169 188 314 321 335 356 371 492 534 658 662 666 721 770 854 855 901 942
22 26 48 51 66 107 136 233 456 485 561 575 627 628 647 656 667 764 767 806 832 863 874 904 938
83 140 147 293 375 416 527 543 544 545 628 743 780 809 875 929 966
39 63 93 110 179 252 299 318 326 338 348 364 395 432 563 592 604 682 705 724 735 743 769 782 797 806 808 825 877 914 973
127 202 227 234 248 259 260 274 307 320 336 339 405 432 444 510 553 601 633 772 808 829 870 891 917 934 970 989
15 38 108 236 283 287 319 338 371 403 405 410 416 444 494 516 538 619 625 631 666 676 721 734 817 827 843 963 981 994
3 34 35 46 48 119 167 368 405 432 471 472 493 539 564 577 656 722 780 806 819 910 939 994 997
22 233 252 283 306 375 416 446 485 521 558 611 612 628 667 690 709 840 874 883 885 897 903 925 934 988 992
38 100 146 191 237 350 442 472 601 607 613 625 730 800 878 901 988
69 167 201 266 493 495 502 737 840 874
7 55 259 289 368 374 377 385 400 469 477 495 522 553 567 575 648 738 756 786 800 809 837 912 931
7 14 66 107 170 199 222 284 291 302 344 377 444 481 490 553 601 604 679 745 799 808 811 855 873 902 908 923 924 983
161 168 257 267 274 295 297 409 416 501 544 584 628 631 820 885 966 981 998
51 289 292 318 321 410 422 612 652 686 772 789 806 875 892 927
72 109 183 193 261 263 271 306 368 387 399 459 518 558 561 592 679 710 798 813 915 938 953
127 145 195 322 360 374 385 399 446 472 493 521 542 709 733 772 783 784 790 799 800 817 826 907 912
11 29 71 123 140 163 166 198 209 214 306 319 326 371 374 405 417 445 485 486 491 544 628 647 656 700 715 766 831 840 860 962 966 992
12 28 39 43 87 213 258 279 281 299 360 377 410 419 601 604 613 643 679 699 738 744 764 783 797 815 946 993
7 26 35 127 150 154 172 221 259 348 514 517 521 575 601 607 613 629 733 783 808 889 925
25 38 154 212 218 229 259 274 324 359 371 375 400 402 423 472 482 486 559 589 595 610 674 764 782 834 850 853 868 891 902 994
18 62 80 121 140 147 148 152 164 171 185 197 281 339 344 460 485 519 531 568 592 670 723 732 759 778 790 820 884
35 43 72 123 137 190 205 206 238 267 374 377 403 422 439 456 486 504 513 561 623 677 679 696 732 738 794 806 820 874 876 992 999
4 29 99 111 138 139 194 247 266 280 360 416 437 439 462 481 502 534 538 545 578 653 709 737 764 773 778 782 790 828 883 938 961 994
17 89 118 144 147 292 299 316 319 425 453 500 524 571 644 652 670 673 709 781 782 832 873 938 947 992 996
8 52 86 87 100 119 127 221 246 299 322 327 342 351 367 401 437 473 527 553 604 619 653 678 706 707 744 772 782 827 876
26 46 63 108 147 217 240 277 314 318 324 346 375 385 405 521 849 904 948 993
25 38 178 203 259 274 444 470 545 604 656 682 709 753 851 852 868 870 906 909 996
17 20 27 38 71 238 414 416 477 540 555 592 607 638 673 723 729 747 756 764 813 868 893 912 981
17 43 126 188 193 216 293 303 364 387 399 480 484 527 595 616 634 738 748 782 905 963 981
17 26 42 62 154 191 213 222 331 350 460 486 490 529 592 603 631 694 722 795 891 894 895
23 26 90 101 126 221 261 271 303 374 412 467 544 553 598 666 676 688 716 763 804 805 821 839 992
14 20 78 112 146 147 148 255 318 432 487 521 529 555 616 673 684 795 803 827 849 874 903 907 934 974
140 143 163 176 190 209 214 247 318 341 424 446 471 472 559 571 575 669 674 729 733 767 874 930 956 981
61 86 87 132 178 193 209 258 277 300 359 377 397 422 502 514 530 540 553 561 623 643 659 782 790 800 883 908
12 120 123 238 241 277 291 316 339 347 423 520 549 553 592 669 674 796 828 832 961
28 47 51 63 78 124 222 402 429 534 571 623 637 695 715
17 69 87 118 132 197 266 316 325 490 523 546 553 555 623 676 690 699 721 729 744 863 874 885 905 909 930 955 975
38 67 147 160 180 268 346 410 446 465 547 561 636 852 884 891
42 45 52 63 117 213 221 316 360 377 444 472 545 590 631 674 707 731 740 800 858 917 995 999
11 18 38 61 112 192 214 231 282 293 420 425 486 517 539 546 662 688 721 773 845 867 871 907 986 992
31 123 127 154 178 179 183 205 222 231 316 493 569 572 575 592 599 707 800 813 820 926 966
63 94 117 123 227 294 306 377 395 416 545 570 674 715 773 797
28 36 40 48 148 150 234 240 252 381 439 442 490 495 516 586 598 829 832 845 899 904 934 950 973
8 11 87 179 259 260 274 402 497 575 583 601 667 683 737 750 795 797 827 874 934 988 996
36 42 63 87 109 112 118 142 231 293 300 329 395 463 520 540 555 586 589 622 640 651 676 684 709 710 721 752 799 820 829 850 889 989 996
43 137 200 222 363 416 495 500 527 553 558 570 571 647 667 699 771 800 827 871 939 942 970 973
33 62 87 145 148 152 185 188 221 306 371 391 416 439 456 482 509 545 631 673 771 773 870 986
83 142 218 233 248 412 420 444 462 515 529 540 543 628 647 682 815 852 859 874 895 903 941
11 36 43 76 180 188 205 210 216 219 227 231 233 300 371 387 399 410 444 465 530 591 606 607 634 704 709 766 885 891 941
7 258 306 360 381 400 416 422 487 502 543 623 682 743 744 751 820 859 866
48 63 212 325 326 337 348 490 494 507 545 566 595 624 679 759 817 903 924
5 21 27 36 45 123 125 146 198 204 221 247 279 291 293 399 432 490 646 767 809 874 925
12 33 73 123 157 182 204 274 377 395 419 471 604 607 610 718 776 870 989
85 136 137 195 274 291 360 371 387 432 456 492 517 546 578 709 783 790 859 908 936 955 981
48 55 63 163 209 257 287 295 480 497 510 514 568 625 647 707 733 740 764 782 820 827 844 911
9 11 38 108 123 124 127 135 192 201 291 318 319 397 416 433 495 549 567 592 797 808 881 902 915 931 950 959
33 47 137 154 163 201 259 274 289 335 346 363 374 455 482 569 666 729 744 808 901 925 974 983
12 39 73 222 371 412 416 459 480 592 613 649 771 781 808 946
42 43 87 103 163 212 223 227 238 259 281 314 320 325 328 359 375 404 437 459 532 538 595 601 669 677 709 737 750 767 778 789 796 800 892 950
20 38 87 89 108 123 127 219 241 437 459 540 584 592 607 624 674 676 707 721 776 825 870 903 948 955 974
12 17 163 231 300 412 487 493 500 501 612 619 669 673 705 753 813 874 988
11 24 34 52 117 147 182 276 303 368 385 493 494 569 571 610 613 623 634 684 709 734 756 771 843 857 866 867 877 885 955 981
8 33 48 70 93 100 117 215 231 233 260 266 335 527 669 707 709 733 894 907 934 949 956 961 973
48 123 131 164 170 186 215 267 281 295 337 404 416 442 592 616 628 699 707 738 803 820 830 832 874 876 902 913 973 993 994
51 68 117 118 151 190 193 229 259 325 335 383 419 425 514 553 590 624 656 681 682 750 761 799 828 844 930 940 954 955 993
132 145 150 217 222 300 306 399 484 507 521 536 547 553 554 674 690 694 699 775 874 988 993
35 178 179 192 266 300 333 342 399 416 423 432 453 472 534 553 575 598 619 620 634 644 697 803 867 877 973 988
33 63 69 71 99 102 139 150 194 214 266 303 318 325 420 462 531 539 561 604 722 852 867 903 933
9 12 40 50 77 111 117 132 137 199 222 321 336 462 501 543 592 595 669 674 684 706 808 829 871 883 907 946
7 35 52 53 57 93 127 142 172 214 221 243 293 326 348 368 442 459 471 493 500 607 616 631 686 738 739 761 766 849 880 992 996
11 117 170 263 274 325 375 430 441 444 598 603 628 631 652 740 782 815 837 876 886 909
24 42 132 212 231 238 241 248 259 266 353 364 414 488 507 510 553 594 677 707 767 774 897 948 955 992
26 29 121 124 137 166 221 247 314 324 335 367 539 543 545 552 561 571 601 621 652 667 734 783 800 806 879 899 946
26 63 135 148 238 374 412 432 460 529 549 553 647 687 709 800 815 820 835 858 859 874 879 903 912 938 941 964 981
71 72 89 195 203 238 286 289 291 371 399 456 524 541 601 623 720 732 747 799 800 803 826 863 871 901 907 910 916 962
23 36 86 132 145 278 293 368 431 442 460 604 707 721 808 819 827 831 871 889
0 102 186 233 246 327 442 487 501 559 601 612 669 681 683 712 738 744 782 822 883 892 925 963 988 995
0 17 28 86 104 106 116 118 127 241 247 294 300 324 329 336 374 430 439 474 495 545 559 568 591 750 782 859 931 954 962 981 993 994
17 67 89 93 160 192 213 240 242 281 303 371 420 442 582 606 722 765 790 800 908 910 946 959
7 52 55 69 168 203 368 398 399 422 437 442 453 558 582 756 837 871 881 907 990
9 40 42 61 100 192 222 233 242 273 390 423 428 460 592 631 681 722 807 837 901
28 104 138 179 222 273 286 293 344 359 472 539 629 679 685 717 730 797 799 835 908 941 950 992
45 66 86 119 322 324 360 374 391 405 432 515 636 732 767 799 808 827 889
12 219 231 255 281 284 319 337 350 351 359 360 480 490 545 553 557 558 560 579 592 601 662 682 721 729 808 854
10 63 227 234 260 280 328 432 441 444 446 553 608 613 631 633 729 753 808 813 826 859 870 885 909 915 926 994
45 76 80 85 128 170 222 289 293 306 342 353 367 375 403 511 576 590 631 647 667 705 722 764 806 828 832 837 904 964 992
53 63 133 147 188 212 238 274 300 313 318 347 432 480 482 501 521 531 539 546 571 592 664 704 814 903 910 994
61 90 135 154 200 205 220 221 229 320 495 565 570 575 601 673 687 747 800 828 917
38 127 246 253 300 319 350 358 482 592 682 722 773 827 851 993
9 35 43 45 48 50 63 124 157 167 240 274 281 283 436 437 495 518 527 532 537 598 631 709 815 827 871 885 926
119 159 162 182 188 378 472 491 514 603 651 674 790 809 889 914 925 996 999
81 170 238 325 378 434 444 622 634 662 707 723 799 927 946 959
29 66 117 127 129 155 193 220 272 306 319 328 436 442 474 486 497 511 538 553 571 607 737 790 795 799 871 877 974
17 49 60 73 78 81 169 191 193 281 289 316 328 357 377 424 433 444 543 553 571 577 595 598 649 790 806 879 890 902 913 915 988
63 76 78 81 132 146 243 339 377 414 444 493 613 647 830 837 884 902 921 990
0 28 116 184 222 240 375 399 416 444 545 547 631 639 721 729 832 855 892 996
38 40 112 174 359 387 413 414 437 486 510 518 569 570 603 634 647 652 662 688 721 722 731 743 744 794 800 818 825 832 868 877 879 892 894 901 924
0 9 43 60 83 87 215 253 347 371 412 432 442 456 561 611 612 620 644 721 729 758 782 807 832 834 840 885 939 963 995
38 71 76 85 155 216 272 274 331 359 364 402 405 409 432 477 483 497 519 526 549 566 571 601 623 638 657 662 668 717 729 732 800 827 832
49 81 137 300 318 359 366 482 720 807 868 909 913 959
29 87 106 114 213 238 350 353 360 439 446 529 592 612 682 764 896 917 930 988 992
83 87 132 159 166 173 190 440 480 521 571 599 604 664 697 729 782 806 838 937 942 996
14 47 69 217 233 238 246 259 278 283 306 368 484 514 521 540 554 584 620 705 773 790 808 811 860 961 990 993 994 995
3 44 61 85 111 129 132 203 238 243 339 374 404 431 442 444 451 471 487 488 493 518 523 549 612 629 902 921 989 998
118 203 216 221 222 241 259 336 400 402 485 550 604 662 675 704 714 744 753 879 946 962
43 51 66 85 108 112 119 123 192 283 325 335 387 432 439 471 529 553 607 625 769 775 800 868 886 929 946 954
8 55 69 72 94 106 120 132 136 148 160 163 231 250 336 405 437 455 470 491 537 555 586 595 620 649 655 709 734 800 883 990 996
36 42 116 127 148 184 233 278 280 339 399 586 658 707 729 796 877 914 927 937 993
9 10 23 42 63 133 201 238 259 260 272 289 302 311 352 389 399 460 480 577 625 647 664 707 761 782 827 832 839 871 910 950
38 57 69 116 123 170 209 229 240 289 319 398 419 442 459 486 539 571 675 697 713 740 761 773 903 996
29 34 36 40 42 62 81 98 111 117 123 135 146 148 154 167 171 246 274 280 361 368 463 485 520 550 571 624 628 656 667 682 710 721 723 730 769 807 812 827 838 842 871 901 941 962 970 973
85 185 281 293 319 326 344 387 389 395 397 452 471 486 541 545 553 571 643 717 807 870 894 902 925 941 946 998
48 70 76 119 179 233 246 306 336 387 511 591 601 622 647 681 690 827 863 868 873 888 912 962
29 33 36 48 60 85 94 109 119 179 182 317 318 371 387 414 431 446 471 511 626 644 670 909 996
10 11 14 38 62 83 89 160 395 438 477 486 524 553 571 673 806 815 878 902 938 996
49 63 73 129 195 260 329 402 430 472 487 511 527 570 582 628 662 721 803 826 830 843 847 883 884 891 914
8 9 89 107 123 148 189 206 274 281 300 316 318 326 338 360 416 436 532 536 582 627 885 889 913 951 976 993 999
88 97 163 168 314 320 321 360 400 486 493 601 669 699 709 752 789 809 845 914 941 990
62 67 89 147 148 170 186 319 347 403 477 524 570 584 592 628 716 733 764 806 813 851 857 868 902
14 20 154 209 255 283 368 455 487 500 555 592 619 703 795 799 803 811 826 917 934 954 994
59 76 87 360 395 400 527 612 623 667 729 737 828
36 43 137 154 247 266 289 306 326 374 442 471 545 562 578 595 666 688 699 724 776 805 807 827 995
3 9 38 62 117 137 138 289 459 527 595 599 606 622 628 668 699 711 722 745 829 840 852 870 878 970 992
7 35 63 89 127 172 188 192 221 246 336 339 371 404 405 431 442 571 621 637 664 770 773 780 815 850 874 959 961 979
83 87 127 132 148 197 209 221 233 238 325 330 404 460 555 559 601 612 707 727 773 845 885 903
125 138 147 213 240 242 259 335 414 516 572 667 682 707 753 807 820 874 876 885 994
9 26 68 148 154 169 201 217 266 300 316 342 432 449 495 521 554 628 722 737 812 863 874 955 984 989 993 994
7 69 117 155 195 214 302 360 374 385 399 538 543 567 601 709 731 780 799 817 874 885 889 901 909 931 945
6 8 38 43 92 107 109 148 182 221 248 326 331 400 412 430 437 470 491 517 518 571 601 613 673 800 808 838 840 843 871 879 915
17 21 88 117 168 183 317 335 391 425 481 501 559 874 952 964 990
3 111 137 154 248 283 388 418 432 433 451 456 484 487 488 493 523 595 601 607 610 647 690 699 729 756 806 827 876 934 962 970 983 991
63 67 162 217 278 384 439 444 510 542 604 622 668 669 697 709 738 780 782 880 989
63 104 136 319 420 668 722 874 883 907 917 956 996
11 14 73 123 124 261 325 412 428 481 586 642 656 673 700 783 813 840 994
28 69 73 117 132 163 221 319 324 378 515 555 580 586 592 620 628 802 806 809 827
8 123 157 169 186 261 281 283 325 358 377 423 473 519 542 613 656 685 699 755 806 815 829 874 891 902 915 950 983
23 33 119 147 192 203 204 209 210 227 399 439 491 616 620 688 699 707 804 839 907 998
33 58 87 159 171 173 188 192 219 222 231 319 382 414 431 510 540 676 705 811 813 908 961 994
14 23 29 71 127 219 255 288 316 328 331 442 472 474 495 511 623 631 644 670 721 760 795 800 807 808 831 868 870 889 962 974 981 998
27 36 45 48 66 119 132 155 169 247 259 277 291 331 379 405 432 463 518 530 620 622 643 673 709 720 767 799 808 817 874 903 991
21 42 89 90 190 235 284 299 344 527 565 607 709 721 782 815
43 51 132 268 360 374 412 432 437 527 545 546 550 561 611 667 758 812 868 959 981
12 36 63 67 69 89 140 163 171 182 188 190 212 214 222 258 320 375 380 509 541 706 767 806 858 907 914
7 35 60 69 78 85 117 127 136 155 172 221 236 339 371 387 456 481 490 520 577 598 607 743 781 883 904 924 944 959 994
66 79 81 147 182 234 237 318 337 371 372 518 571 592 628 707 832 902 961
0 38 40 61 112 147 171 238 247 300 442 604 619 660 662 709 790 808 844 871
17 29 179 278 318 432 487 510 592 626 644 652 667 670 707 733 786 829 901 969 993
4 85 151 167 247 300 402 404 413 416 437 493 502 534 539 592 664 840 863 876 961
14 20 22 62 87 238 246 325 459 471 487 544 555 567 571 628 668 722 744 795 803 809 934 960 966
63 71 87 126 130 132 135 140 169 319 384 389 424 511 514 516 527 571 586 612 613 622 662 705 719 764 781 828 829 835 840 859 863 907 909 912 931 959
35 55 66 154 198 247 255 291 306 335 480 490 553 613 644 659 665 747 811 818 902 921 925 996
100 102 192 368 377 404 433 631 656 721 764 772 895 934
36 70 150 168 371 380 412 491 531 553 561 599 662 721 777 829 907 988 989 994
27 36 47 91 127 150 318 328 419 424 459 492 523 553 584 613 670 673 676 770 860 863 930
105 109 144 212 222 229 289 293 335 339 340 414 432 536 592 612 767 795 798 807 827 829 909 964 991
39 43 51 80 89 132 170 219 227 233 318 472 510 571 592 601 607 629 647 651 699 769 773 798 818 843 858 961 985
34 47 63 66 83 100 109 159 193 243 293 359 360 399 444 601 603 624 643 717 753 775 857 859 892
124 131 300 346 425 444 451 480 522 540 676 721 729 764 794 807 871 892 959 963 973 992
13 100 146 150 155 237 335 456 518 544 570 575 601 646 668 675 709 734 791 815
81 138 238 281 339 344 351 399 493 495 543 571 577 578 580 671 715 729 811 821 916 926 950 961 988
12 55 86 185 199 282 283 313 318 364 402 416 422 451 471 575 604 631 647 707 730 747 799 806 811 825 827 829 863 889 917 990 991
26 203 236 274 360 377 403 432 439 442 453 456 540 558 647 679 710 723 782 783 813 827 871 874 894 910
50 87 144 154 172 233 234 274 325 326 416 422 469 472 497 511 569 707 743 784 803 807 829 855 892 938 999
11 17 43 48 87 132 147 163 213 214 295 368 374 403 441 444 501 529 540 670 717 729 764 913 926
0 11 39 68 69 112 123 154 167 293 300 374 391 409 612 651 721 772 829 834 871 903 912 946 973
17 46 59 87 145 182 197 293 354 518 555 620 660 725 733 838 885
29 128 247 319 374 425 472 545 552 592 612 613 628 667 683 712 755 764 773 868 874 892 899
87 124 125 138 148 163 187 281 317 387 520 553 577 599 674 771 773 815 915 950 988
17 78 93 169 190 204 229 238 246 255 316 318 432 487 495 565 642 669 692 782 783 819 820 852 931 963 983 988 994
9 101 127 183 238 246 306 325 368 399 418 419 430 432 459 478 510 544 559 561 613 721 782 870 994
29 36 38 109 152 155 179 214 233 259 318 470 518 545 604 620 626 636 644 670 682 686 740 753 808 811 906 996
12 26 33 39 40 73 87 147 316 319 342 381 482 545 592 601 679 697 707 719 831 891 901 926 981 988
9 11 81 137 266 335 421 455 473 486 527 544 592 665 699 707 742 828 874 926
11 45 51 69 81 87 127 146 148 157 159 202 233 234 289 319 339 371 402 422 455 456 493 592 639 769 827 829 832 894 934 992
47 50 76 78 83 111 147 188 243 246 259 318 342 353 371 432 438 470 476 487 544 571 603 673 722 752 786 807 832 840 868 925 937
3 13 28 35 221 248 263 289 336 492 518 532 559 578 592 599 619 744 757 796 903
55 61 94 123 247 252 291 336 364 384 414 501 511 527 531 537 709 719 797 840 931
33 132 139 160 233 311 460 474 487 522 733 786 871 963 993
9 87 121 189 248 261 281 347 395 432 444 461 471 491 529 571 667 714 722 729 832 838 870 939 964
9 47 61 69 87 172 201 205 217 266 488 495 599 690 707 722 732 737 753 829 870 874 885 905 924 938
11 69 97 145 148 163 238 242 293 503 669 683 734 737 767 815 864 873
57 109 164 281 289 337 377 420 477 553 559 629 809 820 912
9 38 48 61 124 192 222 233 273 274 339 389 409 412 423 428 478 483 490 511 519 571 580 592 601 628 631 722 807 832 925 950 953 970
35 51 132 182 188 198 304 317 335 372 377 402 511 575 611 778 785 813 832 895 901 996
31 63 73 86 112 155 188 209 335 368 397 455 501 540 543 544 585 613 619 631 656 659 721 759 771 809 830 884 886 917 949 969 973 990
38 63 69 83 85 188 203 214 218 412 420 432 444 464 490 509 565 592 599 808 831 853 855 994
25 47 83 100 123 127 205 217 221 337 363 375 437 460 538 542 576 606 618 624 707 709 742 851 870 905 993
81 170 179 180 300 333 399 437 472 521 545 622 697 707 730 789 820 849 874 909 946 959
62 100 192 214 216 231 236 238 274 360 444 460 477 486 522 529 539 624 647 687 710 764 807 850 874 925 959 973
3 4 34 39 87 113 127 155 182 229 293 318 399 416 443 472 503 553 586 589 599 620 640 651 652 662 721 829 855 891 931 937 962
72 85 146 220 248 358 360 403 428 432 524 565 571 622 644 670 677 682 732 753 756 859 881 952 998
48 155 182 188 246 247 265 298 319 350 351 371 398 522 553 595 601 613 678 729 811 834 894 902 937 962 966 988
5 76 124 125 137 171 187 210 219 230 252 281 289 295 364 366 530 531 595 634 656 766 767 813 827 874 887 935 941 963 988
80 107 158 163 238 280 283 360 371 481 500 501 511 539 561 571 592 629 652 656 667 732 815 858 864 868 874 909 915
61 63 160 178 199 247 274 335 410 440 471 488 536 542 549 557 592 666 709 807 855 875 895 994
23 43 47 48 155 221 299 312 360 402 420 432 481 492 620 666 675 729 803 838 915 931 962 983 993 994
36 48 100 246 278 283 369 402 403 412 500 518 527 538 545 592 594 601 682 686 707 710 735 806 827 838 905 931 938 961 966 988 996
81 85 89 103 176 210 222 286 306 340 377 444 485 531 541 571 591 607 614 724 789 790 794 828 873 891 966 981 989
47 69 146 168 238 278 298 321 368 442 486 501 584 690 692 699 778 799 808 809 826 837 896 909 924 941
120 201 210 353 374 375 420 459 507 611 613 643 679 684 789 800 863 924 959
38 40 60 73 124 148 153 157 182 224 259 420 433 497 553 571 601 647 670 721 771 867
62 71 124 203 247 281 481 575 611 715 784 803 840 885 903 911
14 26 108 111 118 125 182 234 277 314 346 432 439 442 553 571 647 670 721 737 806 834 849 904 961
66 80 123 131 179 191 281 292 337 374 375 405 432 442 531 595 615 667 692 707 830 832 847 855 878 890 931 974 993
11 43 51 67 69 112 154 167 242 330 348 359 360 537 553 591 612 647 652 683 710 712 744 756 820
4 40 48 59 63 137 140 181 219 248 344 412 518 647 688 699 722 747 757 825 863 884 885
15 38 78 83 147 163 188 248 280 307 319 416 437 543 647 656 676 734 981
38 39 50 132 146 169 170 191 214 246 257 287 410 541 545 589 593 610 674 778 850 860 973 988 992 994
20 47 63 117 127 147 214 224 227 238 246 286 320 324 509 532 689 766 806 812 837 860 881 902 973 974 992
3 17 28 35 248 263 319 336 514 518 559 627 642 732 744 806 992
8 123 139 191 350 360 381 446 595 599 619 620 664 709 808 826 863 883 886 896 907 909 931
70 116 123 206 312 364 398 402 432 492 553 592 598 670 773 838 925 962 993
63 66 83 180 184 187 188 190 231 235 240 360 399 421 423 471 478 571 706 709 729 740 744 770 782 996
43 125 155 185 192 201 207 212 253 300 319 331 404 472 482 500 501 514 518 592 603 699 707 721 722 737 783 895 917 961 962 973 994
17 73 116 132 135 191 221 246 247 367 402 516 545 599 603 623 652 764 767 835 950 962 963
169 229 306 319 403 414 416 486 570 790 824 868 903 992
8 140 163 203 217 248 259 306 339 371 411 419 432 441 444 463 522 532 547 571 582 592 604 622 625 631 721 722 764 807 855 870 902 929 959 962 973 988
18 36 47 129 171 300 400 402 472 482 501 545 592 670 781 800 837 849 884 909 910 914 941 966 981
3 21 78 112 221 229 248 277 316 329 416 432 565 575 595 613 629 773 832 867
62 69 188 231 238 252 257 360 403 557 673 699 729 744 803 871 873 874 901 925 946
43 63 67 124 185 248 257 266 339 340 412 432 472 481 527 566 628 656 673 676 686 754 767 795 813 815 901 944 947 994
11 85 124 160 219 221 246 258 306 317 387 402 436 437 439 447 473 566 625 668 706 724 808 863 903
123 156 227 299 326 371 377 400 416 545 554 571 589 599 664 674 694 756 773 777 797 800 807 875 903 925 941
42 117 146 160 190 279 354 405 422 486 721 797 808 815 855 963
35 38 154 159 192 412 448 561 668 860 869 874 924 956 976 993 995
19 36 47 48 61 147 209 291 306 315 382 395 409 456 470 555 622 722 904 914
3 39 69 76 86 172 184 199 222 261 299 357 377 381 400 412 414 416 423 480 487 649 746 756 764 773 795 806 810 874 937
12 62 87 132 180 188 246 300 319 360 371 455 484 495 524 537 592 598 601 673 679 699 709 800 815 827 868 874 904 933 959 963 993 995
62 76 117 123 128 182 211 221 266 318 325 330 368 375 410 416 421 426 463 471 473 544 565 644 668 721 806 808 828 959 961 986 998
21 87 106 114 142 159 293 325 350 414 446 453 544 626 631 828 840 852 878 891 894 938 998
4 19 21 24 117 147 169 182 221 238 246 298 316 374 487 569 616 631 647 683 740 798 863 955 981
8 17 63 69 129 199 214 330 342 509 619 624 737 740 806 889 939 959
33 38 71 116 118 146 176 186 306 336 409 420 430 451 477 501 520 580 604 668 675 744 764 800 809 814 815 820 869 946
61 67 123 136 142 160 259 266 277 319 397 410 478 484 487 502 511 553 557 584 610 628 756 773 790 800 803 806 813 827 829 855 961 963
77 90 145 183 208 214 281 326 484 543 559 575 643 686 709 744 782 799 808 829 996
5 38 47 74 104 106 142 182 191 217 221 299 307 353 361 464 472 510 651 674 689 722 798 809 827 876 908 930 959 975 994 996 999
29 62 95 151 183 230 350 360 404 405 416 565 570 583 592 607 647 676 840 859 861 898 909 914 988 994
3 133 173 219 234 236 238 289 303 339 348 357 403 436 442 460 480 517 529 568 637 656 687 704 737 748 797 819 871 939
26 121 170 289 297 405 438 442 553 572 601 699 717 797 931
129 155 162 261 297 322 339 402 425 444 456 474 549 560 702 722 759 821 961 965
3 11 69 81 87 101 124 130 139 160 169 215 325 358 412 416 486 656 753 755 806 815 963 994
11 61 69 190 283 359 364 381 440 444 464 487 490 518 566 570 583 628 743 752 798 830 930
47 66 95 188 257 289 400 416 430 442 464 532 678 729 800 826 858 914 930
9 21 146 160 192 193 302 303 377 385 389 395 444 447 456 592 595 603 612 684 692 727 734 737 775 837 866 899 934 994
63 89 285 293 322 335 340 344 351 377 467 471 485 559 565 573 575 586 601 622 642 652 666 709 721 752 772 790 815 836 871 939 963 992
116 132 136 221 255 368 439 446 528 538 546 571 597 628 662 673 727 832 852 946 963
20 144 163 241 351 367 377 400 405 444 480 512 540 561 571 592 607 634 729 776 806 813 868 901 944 974
62 200 331 402 443 444 495 527 565 595 599 619 623 657 729 740 800 835 941
47 142 147 160 198 318 334 360 395 611 669 682 709 729 743 756 778 886 892 962
68 106 118 204 210 318 439 502 547 601 647 778 877 900 902 907 926 992 998
43 48 68 77 183 209 222 224 233 344 356 387 389 399 436 459 486 495 524 543 601 607 643 675 699 727 736 753 800 938 992
17 38 47 186 277 453 480 482 542 568 577 623 771 773 790 799 831 891 950
36 52 74 112 116 234 236 243 281 291 339 398 399 420 442 455 472 486 532 557 578 674 707 712 805 820 871 902 990
9 72 123 127 229 261 281 319 339 351 387 399 405 440 470 527 568 570 582 604 634 637 669 721 752 790 798 800 812 827 845 900 913 930 949 993 994
28 33 39 61 63 71 132 147 154 280 353 443 462 472 490 567 578 592 601 610 622 675 709 799 808 832 901 907 989 999
33 87 139 179 252 259 260 364 368 420 555 578 604 656 709 789 813 828 853 905 909 962
9 34 50 72 91 109 123 136 171 190 227 260 261 272 291 395 432 484 487 558 607 610 628 656 662 681 688 718 738 756 769 778 803 806 851 852 868 959 975
38 40 63 85 109 137 183 335 350 414 444 452 480 495 522 631 666 706 744 795 800 809 827 883 896 987 991
28 80 148 173 181 201 204 209 254 330 354 360 374 397 400 429 553 595 623 647 759 795 799 852 860 863 903 919 946 974 996
107 117 150 154 168 169 209 283 387 395 436 438 455 472 520 571 601 604 647 656 714 871 889 892 950 963 990 994
63 81 85 107 144 272 321 356 380 415 443 527 567 578 592 595 629 675 705 808 855 881 901 902 909 992
20 27 138 144 182 238 248 300 368 423 569 615 662 711 789 800 813 868 903 912 931 941 981 994
9 50 63 108 142 171 205 214 233 326 351 422 509 573 599 647 733 743 756 807 815 828 837 843 847 859
19 72 87 132 167 248 259 283 289 291 306 326 371 416 432 444 558 665 666 678 707 738 778 851 893 926 992 996
87 178 209 297 311 439 550 604 620 623 676 687 773 806 876 929 996
17 47 73 121 150 222 289 316 318 341 412 442 485 492 516 550 612 772 778 806 831 852 870 909 941 973 990
9 18 77 150 222 360 371 444 462 472 679 721 808 832 907 962 988 989
19 68 71 87 101 153 182 185 274 277 319 374 429 444 486 601 806 809 811 871 901 998
17 39 48 132 189 242 248 293 319 371 405 442 447 472 568 628 660 732 744 891 947 973 981 988
18 41 91 101 154 155 242 281 328 371 440 497 531 545 571 709 752 783 808 850 931 966 970
20 27 127 179 183 222 240 281 293 456 517 569 595 598 619 729 800 807 813 835 868 912 925 926 966 981
93 169 179 224 283 398 430 439 471 527 563 598 601 651 766 767 769 798 914 931
21 35 36 43 81 147 150 159 169 214 281 325 358 451 465 531 594 595 627 629 755 756 815 870 878
39 93 140 145 146 163 185 259 371 405 416 432 441 446 483 484 509 557 691 729 813 833 927 986
26 33 63 159 170 192 215 240 242 283 291 318 473 514 521 530 541 547 664 709 803 934 944 963
57 62 67 69 85 140 147 148 222 287 289 324 360 402 442 456 482 527 540 553 570 575 592 595 601 612 673 729 756 863 891
38 138 170 188 201 233 247 316 350 374 541 592 647 722 748 764 898 913
5 28 90 147 154 159 169 182 236 326 360 372 399 437 486 495 575 579 731 828 830 917 934 955
68 85 87 152 221 246 377 456 546 611 622 676 743 840 885 912 941
36 38 91 127 140 233 277 419 432 437 543 553 561 647 675 682 733 772 784 790 800 851 903 912 950 986 992
72 90 109 193 209 214 237 266 541 543 553 565 585 689 720 800 803 901 910 912
25 26 36 43 93 106 144 178 187 221 229 240 259 273 274 371 388 410 561 620 733 789 877 892 896 913 925 973 988
50 63 86 123 129 131 140 144 248 261 277 306 336 412 459 473 497 722 729 773 776 885 963
29 66 145 148 246 287 385 410 510 531 543 553 628 631 696 732 738 795 813 850 884 891 905 907 942 959 986 988 995
38 61 129 179 238 374 444 543 549 563 769 871 885 914 989
0 21 69 112 154 204 283 289 294 325 336 378 405 423 439 444 465 471 517 607 651 664 666 667 669 676 704 764 772 800 810 868 912 963
9 21 88 121 183 209 222 317 366 403 441 484 501 531 543 544 555 583 595 652 709 799 809 815 891 952 955 973
8 50 60 124 148 155 170 214 224 240 289 338 346 376 416 472 525 542 561 627 707 800 889 929 988
11 93 100 144 154 247 258 277 307 316 336 358 454 669 682 709 764 797 830 873 903 925 961
8 61 66 69 124 127 130 173 209 222 247 274 289 303 377 447 455 514 607 661 709 720 740 809 896 929 952 996
36 38 47 53 62 66 87 109 214 234 277 300 371 399 444 524 571 599 622 634 674 678 722 825 917
29 118 132 146 147 160 170 171 238 403 455 482 490 495 513 547 653 669 769 795 808 837 884 914
26 31 39 53 62 86 200 222 259 316 464 495 544 547 612 619 646 682 708 734 747 776 800 831 837 874 948 992
102 127 261 374 412 414 540 571 592 682 717 753 800 808 916 976 981
25 36 81 123 176 314 388 391 485 591 646 656 709 743 789 868 879 907 941 966
20 59 76 132 146 311 319 357 371 423 495 532 543 592 595 613 622 665 673 773 782 868 881 938 944 947 962 973
3 28 35 51 67 74 87 132 197 263 267 272 336 375 402 444 518 592 699 738 744 876 883 907 942 990
5 124 125 131 137 149 154 166 230 238 404 425 481 518 545 579 592 601 629 631 666 676 703 781 826 860 887 954 963 990 992
17 47 68 150 168 306 310 405 419 578 599 682
53 66 69 93 100 127 139 150 160 179 247 307 311 336 360 378 402 405 416 418 459 460 522 582 637 643 707 717 730 811 825 871 874
17 50 142 170 440 510 544 570 647 674 798 815 825 859 909 926 946
36 48 68 96 146 212 338 400 405 410 453 467 478 495 511 516 538 541 566 631 652 691 740 753 773 805 827 828 829 884 905 994
40 42 48 49 63 91 103 176 188 197 208 319 397 416 439 471 488 553 603 656 667 800 806 876 908 988
23 35 81 86 112 140 155 188 298 374 381 443 444 485 487 511 613 623 625 633 699 764 800 828 903 937 946
68 85 145 151 486 570 637 675 676 689 722 733 844 858 859 861
71 132 147 168 222 227 314 325 344 402 416 438 444 447 481 517 589 598 605 647 697 730 761 825 874 988 999
8 69 117 148 194 215 221 236 273 318 325 370 405 414 471 517 520 565 572 601 627 709 877 883 889 908 909 924 952 959
83 85 117 183 210 306 344 377 399 402 410 421 452 459 482 502 541 592 696 724 781 941 965 992
19 39 63 67 93 125 221 247 306 326 402 416 419 488 507 531 539 624 770 817 833 888 891 924 992
14 36 39 43 48 62 87 94 101 155 215 221 253 258 261 274 348 444 486 500 561 613 631 668 674 739 789 806 827 863 871 914
3 18 118 222 298 347 375 472 482 490 553 612 624 631 721 750 780 794 832 883 891 908 931 974 994
6 36 47 66 139 210 222 378 405 409 420 432 516 555 612 647 729 733 767 799 808 817 873 904 914 930 931 981
29 43 69 89 112 124 148 170 238 246 327 349 366 395 447 460 472 518 521 529 553 577 592 622 624 647 675 686 750 784 800 827 871 925 973
23 35 36 153 204 210 240 246 277 319 375 441 442 459 628 631 639 722 782 827 831 871 889 907 974 998
9 55 60 83 85 97 171 182 190 203 344 399 520 539 559 571 616 656 702 782 809 813 826 828 903 905 937 996
67 81 123 135 141 148 248 281 318 335 375 439 578 592 656 709 738 832 844 909 954
17 61 63 89 110 125 127 179 231 299 300 326 362 405 416 418 430 432 480 497 511 518 519 571 592 737 996
24 49 81 121 124 127 146 168 255 364 375 432 507 530 558 609 649 656 719 738 798 832 837 855 879 890 902 909 915 926 927 931 981 988
19 35 47 61 107 147 154 209 306 380 415 453 486 586 620 629 709 722 876
8 63 108 123 171 214 284 351 396 456 544 573 614 656 666 705 743 756 771 847 852 903
107 142 333 338 495 510 520 567 622 623 668 829 832 893 931 947 953 973
28 51 172 201 216 221 249 335 471 518 541 610 613 621 629 753 756 783 806 825 863 907 950 973 996
73 81 120 193 227 247 318 439 482 553 571 601 625 656 666 676 740 764 778 827 877 903 908 941 966
7 51 85 93 117 119 144 247 291 423 610 682 764 820 828 830 929 988 988
