23 222 274 322 399 420
147 176 240 318 326 360 388
31 246
146 155 221 247 259 284 292 296 314
3 259 486
21 26 204 265 272 400 412
14 19 78 150 188 201 385
39 51 52 83 139 173 318 432 444 480 481 493
34 67 186 208 213 281 353 410 446
89 103 192 217
28 69 420 425
29 43 169 281 344 482
73 147 176 214 318
420
33 40 167 172 220
19 33 160 274 293 385
4 28 61 377 439 472
107 205 246 316 367 432 477
48 49 69 95 125 221
3 15 66 86 107 302
51 155 205 297
63 374 490
81 168 404 422 423
21 85 132 238 293 395
51 63 87 298 299 368 422 455
52 69 289 336 412
11 87 298 466
168 191 281
60 63 389
0
51 404
97 185 335 339 403 456
17 26 76 117 127 163 191 216 260 277 288 360
8 222
27 147 372 425 482
217 219 347 467 493
11 123 403 486
78 167 199 222 390 482
3 119 322 371 471
374
14 61 233 282 409 437 451 490
7
8 132 222 339
85 127 222 353 419
87 127 213 238 339 412 421
210 219 232 377 402 418
71 127 148 283 286
419 457
9 149 259 316 395 437
107 192 283 293
18 140 155 209 287 318 399
238 306 316 429
24 118 248 325
23 48 278 325 414
66 154 253 259
18 192 277 326 425 464
29 87 201
87 132 311
74 307 419 472
6 29 36 38 118 154
68 138 437 487
182 209 300
17 127 279
89 201 298
107 123 361
9 238 283 360 404
5 49 50 119 209 416 439
21 137 147
28
63 118 472
219 274 399 414
107 283 306 416 442 490
87 246 300 460
127 360 404 444
61 118 124 329 471 480
33 61 87 210 246 300 371
170 238 292 490
8 95
48 222 473
73 119 139 325 371 412 419
89 127 155 178
106 414
154 246 293
63 103 137 138 166 322 326 365 371 392 432 488
148 248 278 295 318 493
38 89 217 219 347 364 414 444 467 493
63 123 248 274 360 420 425 464 486
100 116 146 204 221 360 374
17 234 247 319 338
147 395 416 418
8 175 331 416 432 486
154 353 368
147 243 325 456
87 119 146 152 231 277 423
87 160 179 199 395
117 159 444
33 40 167 172 220
143 147 167 214 236 331 446 464 472
38 80 112 236 388 416 442 477
160 261 325
63 133 140 318 371 471
26 222 259 336 405
61 87 242 247 316 321 420 429 480
103 188 372
10 34 36 43 112 168 291 387 412 416
63 108 148 353 425
9 62 100 384 398
138 150 201 286
36 78 171 316 339 493
277 424 437
247 319 459
69 140 234 283 356 467 472
163 192 209 340 395
4 482
38 117 318 402
281 360 472
73 142 231 238
12 101 120 182 285 316 374 403 477 487
10 11 409 432 455 486
38 55 81 227 372 395 471
39 132 159 206 404
9 61 227 233 274
60 198 234 325 402 412 461 488
16 28 48 221 335
117 130 166 336
62 166 178 354 416 442 465
163 231 431
3 29 371 374 377 397
63 80 191 346 425
117 152 154 400
14 59 124
60 67 100 233 416 432 451 482 490
111 155
103 191 385 405 415 477 491
128 221 273
63 173 221 409
28 34 38 80 107 306 395 495
63 78 104 400 403
43 63 69 135 142 174 182
281 442 454
67 72 274 336 420 477
73 142 231 238
39 55 123 205
53 176 398 414
3 73 154 179 214 300
71 112 231 299 352
188 302 359 484
25 38 67 92 119 263
69 152
90 112 123 163 471
124 142 259 404 435 436 443 491
127 222 234 266 461 469 481 497
160 247 377 472
188 204 412 425 470 481
55 61 96 274 420 480 499
9 80 147 168 284 382 472
99 215 453
100 171 410
9 19 144 338 371 486
66 371 389 399 455
104 176 185 221 472
83 146 338 339 374
106 111 147 414
25 38 87 93 260 353 374 471 486
83 129 300 399 472 477
90 216 236 319 451
34 214 238 336 432
171 201 485
151 300 319 352
33 62 69 246 324 388
188 238 329 412
137 142 420
86 98 147 159 472
60 164 248 254 368
3 490
106 246 274 492
154 209 353
63 222 290 298 300 307 320
11 14 43 192 266 289 297 311
14 66 107 146 174 212 214 247
117 132 354 416 446 456 481
123 124 176 360 455
14 112 132 178 257
95 234 387 437 480 490
36 39 63 87 98 101 148 178 247 290 437 472 495
74 140 209 213
11 35 87 238 283 284 405
29 47 150 221
127 188 454
33 63 118
63 81 446
71 135 240 430
62 155 221 303 306
374 379 445
21 85 96 104 132 141 188 289 395
36 339 359 374 425
28 62 325 416 439 445 456
168 399 409
14 277 289
119 140 224 238 491
3 16 48 123
221 441 472
18 68 123 169 347 372 404
55 146 210 222 259 334 402 431 446
17 104 322 344 374
78 247 416 442
33 107 108 169 280 336 344 374
146 160 414 432 497
17 116 179
8 139 170 214 319 459
63 182 188 487
96 117 418
24 132 145 191 238 350 455 471 484
28 101 119 210 359 402 483
63 118 192
193 374 402
101 137 344 439 463
168 219 325 473
36 63 138 377 387 405
35 49 86 87 120 247 289 325 471
53 55 61 289 360
38 170 353 444
29 144 311 321 329 471 484
8 168 413 444 477
4 295 374 382
20 289 303 337 423 493
68 104 170 246 258
306 416
67 212 307 443 488
224 377
161 208 247 446
36 63 241 416
157 201 226 383 397
122 139 147 415
127 170 241 277 430 480 490
79 85 291 444
192 311 437
68 119 142 217 238 336 410 439 496
61 103 266
3 21 42 63 403
167 222 224 404
11 80 117 137
33 188 312 387 395 477
76 148 374 487 492
118 189 361
108 238 284 360 383
8 29 95 459
9 94 179 307
230 293 367 481
74 106 138 217 261 360 371 399 405 456 492
38 70 108 171 172 190 294 402 471
47 114 188 346
63 67 200 338 491
61 154 222 261 344
8 28 100 111 420 432
85 115 132 268 371 377 486
36 38 70 318
38 81 87
33 36 309 326 348
38 118 183 302 319 375
25 198 221 331 432 455
40 127 147 148 418 432
14 281 307 328 424 451
35 40 322 413
25 87 319 335 354 431
29 188 216 233 335 444
80 117 238 259
9 98 136 346 432 447
111 209 213 378 412 437 486
61 119 150 236 261 461
85 124 168 222 293 321 371 445
259 260 405 420 443 473
26 72 209 246 319 420
36 97 125 237 371 437
147 184 336 377 423 432
61 87 96 246 330 482 486
8 86 201 214 374 451 472
36 100 116 154 207 219 231 236 300 490
81 85 221 248 446
22 39 151 320 384 395
13 73 95 127 283 437 463 495
28 69 247
38 43 81 106 202 277 456
48 145 238 248 322
11 21 140 327 418 420
178 435
11 26 416
85 170 488
17 69 117 130 166 300 336 413
48 87 128
97 112 147 172
278 286 480
8 10 49 192 377
52 63 118 287
61 364 444 456
121 127 190 281
306 368 372
248
35 43 90 126 132
116 135 222 257
8 240 367 471
63 87 192 252 281
214 247 381 404 477 484
29 36 101 188 281 338 483
27 36 53 429
300 326 368 422 490
40 112 202 231 248 302 339 359 368 412 420 448
21 69 81 87 96 132 246 281 325 347 379
67 150 211 353 416 492
23 344 423
30 123 132 226 233 328 412 456
43 138 442 443
68 85 109 245 378 488
36 70 124 328 359
27 118 231 395 400
112 121 201 227 281 432 436
100 318 420 469
9 33 95 198
43
63 67 87 200 338 491
353 375 425
213 360
79 221 371 432
25 42 100 234 353 400 422
9 81 221 344 484
69 214 318 374
78 208 311 359 375 419 424
43 133 222 318 346 403 483
11 80 130 137 402
23 92 144 392
217 219 347 467 493
63 247 299 371
85 125 202 293
204 293 375 412 418 462
112 201 400
209 277
38 238 306 344 448 480
11 21 172 266 374
190 221 241 367 438
73 150 201 491
12 29 48 149 237 348 402
33 93 109 116 126 198 201 364 404
337 484
87 107 456
281 344 360 386 439
11 331 410
94 350 362 410 472
16 26 28
203 277
31 76 136 246 259 272 368 418
11 52 127 140 154 422 446
150 259 278
27 92 106 148 463
132 191 226 255 453 493
63 133 140 318 371 471
67 72 190 213
69 124 149 442
306 316 375 395
17 100 116 146 193 221 360
60 69 107 340
73 289 395 425 442
39 90 139 146 306 322 329 330 425 444
156 222 319 472
62 87 142 356
246 260 322 371
95 222 255 326 456
72 155 481
78 155 281 424 428 430
235 371
31 39 63 101 117 246 300 414
8 123 132 168 246 293 444 477
100 221 334
9 67 87 212 307 488
69 231 234 353 414
117 127 402 417
23 67 124 132 146 246 399 419 444 456 478
159 336
25 106 144
283 318 360 371
23 80 123 283 306 319
23 72 389
116 142 245 405 409 414
69 102 160 252 284 416
188
6 318 438
179 293 328
69 169 402 430
159 204 259 281 318
35 46 178 289 428
337 464
21 29 182 402 420 487
35 48 55 61 149 160 199
14 137 159 190 274 406 463 493
26 150
63 217 277 285 374 414 441
69 192 375 447 456
63 281
47 72 339 379
293
229 357
25 34 123 334 337 456
87 235 266 281 295 405
10 51 102 404 432
21 29 178 191 204 400
77 444 493
132
28 95 109 192
38 209 224
48 116 171 222 371 495
144 289 368
339 368
102 106 169 385
8 116 192 210 222 259 325 409 484
119 132 154 186 201 373
30 117 168 316 329 371 420
25 89 106 171 319
38 137 377 402 497
87 471
61 250 259 465 486 488
17 78 81 104 430 463
85 192 336 417 429
145 178 267
240 367 471
66 170 185 219 247 259 485
3 4 63 69 113 261 442 482
135 173 221 497
63 81 100 183 246
44 170 246 300
29 62 155 188 221 303 306
326 438 456
106 205 213 377 382
73 150 354 412 491
3 22 109 171 179
38 117 456
109 180 221 337 399 402
8 125 336 446
38 284
21 101 150 219 221 236 255 274 318 325 327 439
36 208 248 284 289 360 371 398 430 480 481
109 213 269 293 412 432
55 124 132 158 169 186 376 382 399 461
66 132 190 316 377 456
87 128 221 222 273 405 444
74 97 136
40 231 289 412 482
204 222 405 422
3 67 137 330 423
28 325 439 443 445 456 487
132 163 387 409 416
120 139 176 354 366 368 409 419
197 259 363 420
102 106 169 385
81 219 412
9 432
148 150 248 442 443 473 491
8 10 49 192 377
69 170 229 238 293 341 374
13 261 281 306 318 351
179 185 248
26 76 117 127 216 260 288
7 85 170 281 374
63 85 243
92 127 412
18 140 155 209 246 287 318 326 399
107 148 154 221 316 439 487
80 122 139 147 415
234 291 414
11 27 148 286
78 168 480 490
274 346 479
219 307 331 423
31 136 246 368 497
222 300 405 453
3 42 197 403
31 97 417
108 124 146 152 272 371 493
138 201 445
66 445
96 210 340
20 48 291 347 360
87 160 305 328 495
215 378 418 471
34 379 446 480 495
8 148 238 274 443
39 66 116 123 201 209 395 412
163 348 412 416 463
26 202 209 212 246 414 420 426
186 242 374
8 170 192 214 248 263 319 439 459 492
9 69 482
274 371 442
480 483
21 38 83 437 439
222
80 446 479 492
8 29 95 132 144 182 277 374 402 459
21 48 49 69 95 221 261 461
1 28 100
73 117 150 402
132 170 222 274 405 455
42 87 127 132 144 179 208 368 459
21 29 178 191 204 400
150 293 485
42 179 214 304
8 28 100 111 420 432
33 107 124 169 182 230 353 440
220 240 247
45 63 221
43 124 167 209 214 246 339 395 418 428 431 478 488 493
55 227 471
108 168 190 247 260 281 471 490
62 127 171 222 248 439 441 480
78 139 179 219 320 371 445 462
89 320 328 375
28 50 145 281 326 397 416
67 116 222 371
29 107 402 477 480
51 170 191 318 353 368
38 497
101 137 344 439 463
52 287 330 432
233 267 277 328 330
47 136 350
9 87 117 127 371 425 438
24 67 293 344 410
3 353 400 490
132 178 336 340
169 222 259 402
63 118 481
117 146 238 247 445
39 98 101 148 178 472
38 76 106 227 328
60 127 233 322 362 388 399 437 444 446
27 107 191 208 478
151 167 258
192 360 402
78 221 316 420
283 337 473
51 300 353 420 423
69 137 216
127 133 148 360 490
11 69 259 306
212 360 446
138 188 388 418 436 484
285 316
87 139 166 179 221
116 150 306
33 34 73 150 183 243 338 360 425 444
148 150
283 339 399 404 419 471
22 106 147 221 248 371 412
99 116 318
108 155 170 233 287
17 104 316 318
85 188 238 473
67 101 221 416 443
4 81 135 155 289 416 439
247
43 81 106 202 277
132 413
112 242
138 228 238
38 359
127 293 360 404 444
38 40 170 420 438 444 457
3 10 85 125 148 446
221 255 326 371 383
87 154 416
38 124 169 209 334 354 419 444
21 119 142 319 353 387 409 482
53 63 154 289 318 432 456
89 127 155 178
73 85 95 185 193 289 403
128 493
131 152 170 490
61 69 170 311 318 382
29 83 107 326 331 477
48 132 171 189 199 218 246 390 409 415 472 495
18 90 187 325 417
117 154 238
39 222 371 418 442
3 61 118 437 459
11 75 241 266 446
11 229 358 437 446 449 469
124 330
38 214 217 364 418
6 147 169 300 319 372 422
85 129 132 139 405
127 140 159 296 444
38 100 101 121 325 335 403 436
85 227
125 293 339 360 402 471
117 318 328 389 396 405 429
248 415
3 137 140 222 364 477
81 255 359 396 448
63 123 285 292
102 106 169 385
117 180 446 456
292 374 478
87 298 418 459 460
354 412
13 127 359
139 192 227 330 372
191 240 401 424 432 493
17 167 221 335 431 432
3 123 131 238 319 389 402
222 316 336 400
69 150 318
73 117 150 402
80 119
11 47 63 77 198 287 387
14 38 326
61 69 95 101 203 274 403 444
47 137 142 420
168 209 222 353 405 418
43 238 420 478
117 148 163 191
163 319 341 487
221 258 306 318 389 416
95 101 203 274 444
3 29 163 209 377 419
90 170 222 331 399 439
36 46 85 94 190 289 336 412 455 491
300
259 443
23 100 150 188 190 193 222 241 263 473 478
11 35 281 283 336
331 478
16 100 132 163 442
72 89 192 240 487
43 176 214 289 404 437
40 108 306 357 368
123 293 357
49 316 405
51 118 171 217 222 233 403 472
63 83 360 441
81 85 221 248 446
148 295 375 377 445 492
68 138 179 333 371 437 487
28 63 246 274 321 374 375 443
6 142 246 438
140 231 400 439
29 123 135 138 282 295 444
66 85 90 108 119 251 423
198 208 217
10 11 27 36 45 53 179 185 222 409 429 432 455 486
67 259 292 436 478
9 61 227 274
67 87 325 377
69 300 471
231 234 294 368
12 63 69 247 297 402 477
23 63 349 443 486 487
36 91 148 188 190 306 323 377 420 439 444
57 132 170 335 368 404
28 80 137 155 238 400 454 493
389
69 80 100 142 150
118 163
23 142 283 358 426 472
229 442 466
60 176 276 350 357
48 222 299 386 387
61 155 182 404 449 482
16 300 316 353 400 432
17 28 48 281 346
14 224 277 335 463
423
145 306 399 430
8 42 238
9 142 448
29 39 71 127 368 371 395
80 306 459
109 247 374 486
75 288
148 163 240 318 328 388 397
300 432 443 469
57 206 231 261 359
29 148 182 219 336
168 473
63 154 155 402 418 490
4 76 121 209 243 484
8 11 35 147 148 221 395 425
28 112 158 299 371 377
11 63 300 309
78 281 338 428 430
109 169 319 418
52 246 259 318
53 80 281 422 437
83 118 213 399
34 76 176 255 420 437
120 143 283 325 371 412 437
18 38 181 212 318 420
42 51 85 95 229 300 344 412
74 175 222
36 347 412
215 228 363 409 421 437 443
28 192 281 446
79 85 138 444
3 221 267 277 472
69 243 380 383 419
293 316 339 484
33 61 73 89 325
100 169 335 464
87 215 224 331 402 405
106 123 135 340 444 481
347
3 112 233 274 404 485
118 264 270 327 377 417 484
62 150 201 330 439
69 210 272
7 38 125 127 289 341 395 440
78 87 160 201 324 338 431 446
87 157 254 347 477
42 125 192 266 330 480
160 252
57 60 195
23 102 117 124 338 387
202 337 415
42 142 291 404
61 325 360
147 152 185 203 213 215 453
34 283 399 403
7 40 231 247 374
9 81 221 344 484
145 229 236 350 438 465
28 52 102 173 209 445 446
42 143 231 353 354 442
69 70 76 81 87 96 132 135 207 246 281 325 459
70 129
35 47 150 285 371 472
139 142 247 263 446 459
89 248 444
219 248 274 477
85 188 232 238 473
27 92 106 148 463
125 246 281 300 335 404
374 404
69 81 87 96 132 246 281 325
0 206 234 258 293 323 368
107 111 123 169 442
63 123 248 274 360 420 425 464 486
36 69 247 272
107 247
14 96
0 36 107 200 231 266 318 460
45 377 387 472
123 163
7 21 267 442
11 40 123 403 486
38 86 92 414
170 200 325 368 438 480
80 100 147 152 231 234 326 402
40 50
47 209 259 268 278 324 337 339 402 423
124 456
170 185 219
145 255 267 484
69 87 215 224 331 402 405 486
8 36 106 108 179 318 403 411
123 192 260 281
59 86 124 170 188 247 368 397 403 405 444
330 405 439
7 17 138 337 402 444 446
43 48 100 107 127 209 273 402
160 252
40 43 107 123 281
53 246
4 221 337 404 447
21 29 178 191 204 400
222 306 368 372
60 63 389
297 415
11 302 318 371 446 456
89 127 168 318
51 160 180 261 280 316 322 325 338 474
0 70 319 377 439
287 425 429 447
17 26 103 107 116 169 432
242 439
105 168 348
67 104 481 493
43 69 178 227 267 440 487
17 188 274 446 456
214 247 381 404 477 484
21 147 209 445
38 176 459
32 142 159 319 336 459
11 80 132 155 183 203 263 368
7 23 336 380
127 229 344 402
38 100 185 237 449
49 119 217 219 326
51 117 176 259 328 377 446
78 127 261 442
8 147 181 357 363 380 447
138 154 316
74 176 304 388 436 439
40 86 313 356 471 477
103 151 216 337
25 202 336 421
221 248 263 300 491
127 163
17 38 81 146 159 335
366 395
150 405
429 490
18 90 187 325 417
203
74 160 261 325 388 439
36 238 360 442
55 252 259 307 332
83 86 242 318 377 402 449
101 316 402
7 33 159 163 281 318 402
26 155 221 249 357 421 436
70 127 135 371 486
70 83 124 167 204 222 432
6 8 69 238
374 471
33 61 73 89 318 325
116 191 277 402
124 170
101 323
29 86 261 292 333 442 472
55 124 376 399 461
44 49 127 222 231 299 302 403
191 377
85 214 219 274 399 455
8 106 192 210 222 259
132 238 443
18 38 181 212 318 420
63 191
75 209 467 472
168 246 360 412 437
96
11 127 193
25 168 495
0 3 141 188 283 291
399
123 126 148 150 300 313 392 403 414 449
188 233 274 425
359
115 127 163 444
87 298 432 486
155 325 402
65 74 192 247 472
87 169 318 412
23 163 221 290 318
8 142 144 186 192 497
3 23 73 247 289 395 425 442 471
87 178 368
10 11 409 432 455 486
63 109 189 222 241 318 459 472
72 77 214 265 340 425
27 109 182 252 281
0 11 47 116 360
231 238 306 335 488
163 171 277 308
80 83 146 152 364 414
15 107 123 139 169 221 442 472
9 62 100 384 398
167 442
47 146 314
66 132 316 377 456
116 171 238 240
43 176 214 289 404 437
74 90 127 192 326
90 187 334 467 472
18
167 188
3 11 63 100 127 204 233 387 460
13 23 127 154 359 454
51 210 293 318 374 402
123 259
147
72
26 137 222 246 259 336 405 490
31 52 193 227 277 374
151 238 306 316 354 356 429
10 123 233 274 400 403 469
27 154 219 228 331 486
23 29 72 188 216 233 335 389 444
246 481
69 132 414
132 360 376 472
63 132 238 252 357 423 469
69 80 100 142 150 280
116 135 222 257
117 146 238 445
8 38 227 398
28 290
63 100 102 124 125 168 337 364
85 125 171 231 445
100 174 293
17 274
28 232 263 289 324 481
354 364 418 453 464
63 67 100 132 246 248 356 374 461
85 270 364
106 127 227 233 359 395 397 471
28 290 330 447
69 140 221 247 436
85 404 440
104 145 193 201 229 236 350 438 465
69 146 204 439 455
0 51 377
63 132 222 446
62 72 300 335 375 400
11 47 48
325 402
107 147 166 392
222 240 255 447
63 255 314 421 459 472
124 289 416 477 493
25 35 150 309 472
7 178 331
155 163 170 188 289 403
62 242 281
28 252 265 356
38 261 360 426
123 145 209 366
69 233 402 446 459
6 29 216 233 316
33 104 193 231 446
371 389 399 455
61 238 322 325 360
14 281 307 328 424 451
36 125 222 420 446 472
8 119 146 255 281 421 442 492
40 120 318 481
28 119 166 293 360
8 39 124 282 289 306 404 416 477
3 197 403
1 74 90 124 127 140 192 283 309 326
109 319 332 463 471
154 353 368
47 138 144 192 281 336 455 472 484
9 307 359 377 403 430 434
9 19 144 169 192 338 371 486
7 39 73 81 168 319 387 416
40 107 161 208 209 283 316 360
132 182 188 293
89 123 368
3 42 107 188 306
21 119 280
3 8 71 163 357 375 424 444
69 172 217 295
38 137 377 402 497
36 98 176 396 451 477
43 316
132 135 318 490
173 283 293 359 444
87 409 444
176 361
46 109 168 186 207 447 456
109 169 319 418
89 281
89 105 231
43 81 138
71 192 260 289 319
395 432 497
205 291 306 319 322 360 416 456
11 35 87 238 283 284 405
100 123 130 144 146 179 246 350 403 427 486
68 81 222 261 278 428
201 439
39 66 116 209 395 412
38 43 81 106 202 277 456
106 246 274 492
135 222 287 293 308 446
35 70 189 363 377 442
49 70 144 170 171 416 438
35 81 123 214 377
94 106 107 231 347 412 471
46 281 336 471 495
46 67 291 368 392 425 437 444 480
67 116 159 160 252 316 416
11 143 170 183 220 259 273 339 403 415 453
18 300 329 432
13 63 148 213 222 400 437 484
455 482 492
191 241
8 145 272 274 285 299
40 112 248 318 359 448 471
10 38 104 399 444
299 346
38 236 486
215 267 274 444
17 173 188 238 412
33 36 281
36 187 203 387 402 405 412
95 169 171 179 241 259 358 412
132 178 293
47 300 359 374 397 405 416
154 168 209 353
4 48 397 439
183 264 336 413
150 279 402 451 451
